10 sets of preference lists.

* Set 1 ***** |M|=|W|=10
10 men's preference list:
m1:[6, 4, 10, 7, 8, 3, 9, 2, 5, 1]
m2:[4, 7, 6, 8, 10, 9, 5, 3, 2, 1]
m3:[10, 2, 8, 1, 5, 7, 9, 4, 3, 6]
m4:[9, 7, 6, 8, 2, 10, 3, 1, 4, 5]
m5:[3, 9, 10, 2, 5, 8, 4, 6, 7, 1]
m6:[10, 2, 6, 3, 7, 4, 8, 5, 9, 1]
m7:[2, 4, 5, 10, 7, 1, 3, 9, 6, 8]
m8:[5, 10, 1, 3, 9, 2, 8, 4, 6, 7]
m9:[5, 1, 8, 9, 2, 7, 6, 4, 10, 3]
m10:[2, 4, 7, 3, 9, 6, 10, 1, 8, 5]
10 women's preference list:
w1:[6, 7, 4, 10, 1, 3, 5, 9, 2, 8]
w2:[3, 1, 2, 9, 6, 4, 7, 5, 10, 8]
w3:[5, 9, 2, 1, 10, 7, 8, 6, 3, 4]
w4:[4, 9, 8, 7, 1, 6, 10, 5, 2, 3]
w5:[3, 1, 4, 6, 8, 10, 5, 7, 2, 9]
w6:[5, 8, 10, 7, 3, 4, 6, 9, 1, 2]
w7:[2, 1, 10, 3, 5, 4, 7, 8, 9, 6]
w8:[10, 9, 2, 6, 1, 8, 3, 5, 7, 4]
w9:[1, 6, 8, 3, 2, 5, 4, 10, 9, 7]
w10:[10, 8, 7, 3, 6, 2, 9, 1, 4, 5]

* Set 2 ***** |M|=|W|=10
10 men's preference list:
m1:[1, 3, 6, 10, 8, 5, 2, 9, 4, 7]
m2:[4, 1, 10, 2, 7, 8, 9, 3, 5, 6]
m3:[10, 1, 3, 8, 2, 6, 5, 9, 4, 7]
m4:[8, 2, 3, 5, 7, 1, 9, 4, 6, 10]
m5:[4, 9, 10, 7, 3, 5, 8, 1, 6, 2]
m6:[2, 3, 7, 4, 5, 1, 9, 6, 10, 8]
m7:[3, 2, 10, 1, 7, 5, 6, 9, 8, 4]
m8:[10, 8, 4, 9, 6, 3, 7, 5, 1, 2]
m9:[6, 7, 8, 4, 2, 9, 3, 5, 1, 10]
m10:[10, 7, 9, 2, 6, 4, 8, 5, 3, 1]
10 women's preference list:
w1:[5, 1, 8, 9, 3, 2, 6, 4, 10, 7]
w2:[1, 6, 3, 4, 2, 10, 9, 7, 5, 8]
w3:[3, 2, 4, 7, 6, 10, 9, 1, 8, 5]
w4:[3, 5, 10, 4, 9, 7, 8, 2, 6, 1]
w5:[6, 7, 3, 8, 5, 9, 10, 2, 4, 1]
w6:[10, 1, 5, 8, 9, 6, 4, 2, 7, 3]
w7:[4, 3, 8, 1, 6, 7, 9, 2, 5, 10]
w8:[5, 7, 8, 1, 9, 4, 6, 10, 3, 2]
w9:[5, 6, 7, 3, 4, 8, 1, 2, 10, 9]
w10:[1, 7, 2, 8, 10, 3, 6, 9, 5, 4]

* Set 3 ***** |M|=|W|=10
10 men's preference list:
m1:[2, 1, 3, 5, 7, 4, 6, 10, 9, 8]
m2:[4, 8, 7, 10, 2, 3, 5, 6, 9, 1]
m3:[9, 1, 7, 10, 4, 6, 2, 5, 3, 8]
m4:[8, 6, 1, 2, 5, 10, 3, 9, 7, 4]
m5:[3, 9, 8, 1, 6, 7, 10, 5, 2, 4]
m6:[4, 2, 8, 6, 7, 1, 3, 9, 5, 10]
m7:[7, 5, 6, 9, 4, 8, 2, 10, 1, 3]
m8:[6, 4, 3, 9, 5, 2, 10, 7, 8, 1]
m9:[4, 2, 10, 6, 1, 3, 7, 8, 9, 5]
m10:[2, 7, 6, 3, 5, 4, 9, 8, 10, 1]
10 women's preference list:
w1:[2, 6, 8, 5, 4, 1, 7, 9, 10, 3]
w2:[4, 5, 1, 8, 3, 7, 2, 9, 10, 6]
w3:[3, 7, 1, 2, 5, 8, 6, 9, 10, 4]
w4:[9, 2, 4, 1, 3, 6, 5, 7, 10, 8]
w5:[7, 1, 10, 6, 9, 8, 2, 5, 3, 4]
w6:[10, 4, 5, 1, 3, 6, 8, 7, 2, 9]
w7:[8, 6, 9, 7, 2, 10, 5, 1, 3, 4]
w8:[2, 1, 8, 10, 4, 6, 9, 3, 7, 5]
w9:[8, 9, 3, 4, 5, 1, 10, 6, 7, 2]
w10:[7, 9, 4, 8, 10, 6, 3, 1, 5, 2]

* Set 4 ***** |M|=|W|=10
10 men's preference list:
m1:[9, 2, 7, 4, 8, 3, 10, 6, 1, 5]
m2:[4, 8, 1, 6, 2, 3, 5, 10, 7, 9]
m3:[8, 10, 6, 1, 9, 7, 5, 2, 3, 4]
m4:[4, 2, 5, 9, 10, 1, 8, 6, 7, 3]
m5:[8, 6, 7, 10, 9, 3, 1, 5, 4, 2]
m6:[3, 7, 6, 5, 8, 1, 9, 2, 10, 4]
m7:[3, 10, 6, 5, 9, 2, 7, 4, 1, 8]
m8:[3, 5, 7, 8, 4, 1, 2, 10, 6, 9]
m9:[6, 1, 10, 8, 4, 3, 7, 2, 5, 9]
m10:[6, 10, 7, 5, 9, 2, 8, 3, 1, 4]
10 women's preference list:
w1:[8, 6, 3, 7, 5, 1, 9, 2, 4, 10]
w2:[9, 6, 5, 4, 1, 3, 8, 7, 2, 10]
w3:[2, 5, 1, 6, 8, 4, 3, 10, 7, 9]
w4:[1, 9, 5, 10, 3, 4, 6, 2, 7, 8]
w5:[1, 6, 8, 4, 3, 2, 9, 5, 7, 10]
w6:[1, 6, 7, 9, 3, 4, 10, 8, 5, 2]
w7:[4, 7, 2, 6, 10, 8, 3, 9, 5, 1]
w8:[9, 10, 4, 5, 6, 7, 1, 8, 2, 3]
w9:[8, 6, 7, 3, 2, 5, 10, 1, 9, 4]
w10:[1, 3, 6, 9, 10, 5, 2, 4, 7, 8]

* Set 5 ***** |M|=|W|=10
10 men's preference list:
m1:[1, 6, 9, 8, 2, 7, 4, 10, 5, 3]
m2:[1, 6, 7, 5, 9, 10, 8, 3, 2, 4]
m3:[5, 2, 3, 4, 7, 8, 1, 9, 10, 6]
m4:[1, 3, 6, 9, 5, 7, 2, 10, 8, 4]
m5:[3, 10, 1, 6, 8, 2, 4, 5, 9, 7]
m6:[8, 6, 1, 9, 5, 7, 3, 4, 10, 2]
m7:[5, 9, 2, 1, 7, 3, 8, 6, 10, 4]
m8:[1, 7, 2, 4, 9, 5, 8, 6, 10, 3]
m9:[1, 9, 2, 5, 4, 3, 10, 6, 7, 8]
m10:[10, 6, 8, 3, 7, 5, 1, 4, 9, 2]
10 women's preference list:
w1:[4, 6, 3, 7, 5, 10, 8, 9, 2, 1]
w2:[4, 6, 10, 9, 2, 3, 8, 1, 7, 5]
w3:[1, 10, 4, 2, 5, 8, 6, 9, 3, 7]
w4:[1, 5, 2, 9, 4, 3, 6, 8, 7, 10]
w5:[6, 2, 10, 3, 8, 4, 5, 1, 7, 9]
w6:[6, 3, 8, 7, 5, 9, 4, 2, 10, 1]
w7:[1, 8, 9, 6, 7, 5, 4, 3, 10, 2]
w8:[8, 7, 3, 1, 6, 5, 10, 2, 4, 9]
w9:[3, 9, 10, 8, 6, 4, 2, 5, 1, 7]
w10:[10, 1, 2, 4, 5, 6, 9, 8, 3, 7]

* Set 6 ***** |M|=|W|=10
10 men's preference list:
m1:[8, 5, 10, 3, 9, 2, 4, 7, 1, 6]
m2:[10, 7, 9, 5, 8, 4, 6, 2, 1, 3]
m3:[10, 2, 5, 4, 9, 7, 8, 3, 1, 6]
m4:[2, 5, 4, 6, 7, 3, 10, 8, 9, 1]
m5:[5, 9, 3, 6, 10, 8, 4, 2, 7, 1]
m6:[10, 8, 5, 2, 9, 3, 7, 6, 1, 4]
m7:[4, 9, 10, 3, 2, 5, 7, 8, 1, 6]
m8:[2, 10, 8, 6, 3, 7, 4, 5, 9, 1]
m9:[9, 7, 2, 10, 8, 5, 4, 3, 6, 1]
m10:[4, 7, 6, 2, 10, 9, 3, 5, 8, 1]
10 women's preference list:
w1:[9, 8, 7, 2, 5, 1, 6, 4, 10, 3]
w2:[3, 7, 10, 1, 9, 6, 8, 4, 5, 2]
w3:[1, 2, 4, 8, 5, 3, 10, 7, 6, 9]
w4:[8, 9, 2, 7, 10, 5, 3, 6, 4, 1]
w5:[7, 10, 6, 4, 2, 3, 5, 8, 1, 9]
w6:[6, 7, 4, 8, 2, 10, 1, 3, 9, 5]
w7:[7, 6, 8, 5, 1, 10, 3, 4, 9, 2]
w8:[3, 8, 9, 6, 7, 10, 4, 2, 1, 5]
w9:[7, 8, 1, 3, 2, 4, 10, 9, 5, 6]
w10:[7, 9, 4, 6, 10, 8, 3, 2, 5, 1]

* Set 7 ***** |M|=|W|=10
10 men's preference list:
m1:[3, 5, 7, 2, 1, 9, 10, 8, 6, 4]
m2:[7, 6, 4, 9, 5, 10, 2, 8, 3, 1]
m3:[10, 8, 4, 9, 2, 1, 5, 3, 7, 6]
m4:[2, 5, 7, 4, 9, 3, 10, 1, 8, 6]
m5:[8, 1, 7, 4, 6, 10, 9, 5, 3, 2]
m6:[5, 4, 10, 9, 8, 2, 3, 7, 6, 1]
m7:[3, 10, 7, 8, 9, 6, 4, 5, 1, 2]
m8:[5, 1, 3, 9, 8, 6, 7, 2, 4, 10]
m9:[2, 3, 4, 1, 6, 5, 8, 9, 7, 10]
m10:[6, 8, 10, 1, 3, 4, 9, 7, 5, 2]
10 women's preference list:
w1:[1, 8, 6, 4, 5, 9, 10, 2, 7, 3]
w2:[5, 7, 9, 8, 1, 4, 10, 6, 3, 2]
w3:[4, 6, 10, 8, 1, 7, 3, 2, 9, 5]
w4:[9, 3, 7, 5, 1, 8, 2, 6, 10, 4]
w5:[6, 5, 2, 7, 10, 8, 4, 9, 1, 3]
w6:[9, 3, 6, 7, 2, 1, 5, 4, 8, 10]
w7:[8, 3, 1, 2, 6, 4, 5, 7, 9, 10]
w8:[8, 2, 1, 4, 10, 5, 3, 9, 6, 7]
w9:[2, 1, 6, 9, 5, 3, 10, 8, 7, 4]
w10:[2, 4, 7, 9, 6, 1, 8, 10, 5, 3]

* Set 8 ***** |M|=|W|=10
10 men's preference list:
m1:[3, 4, 5, 8, 10, 6, 9, 1, 2, 7]
m2:[8, 5, 6, 10, 3, 1, 2, 9, 4, 7]
m3:[1, 9, 5, 3, 6, 10, 4, 7, 8, 2]
m4:[3, 6, 8, 10, 5, 2, 4, 9, 7, 1]
m5:[8, 2, 5, 1, 3, 9, 4, 7, 6, 10]
m6:[5, 4, 3, 7, 9, 1, 6, 10, 8, 2]
m7:[5, 6, 2, 3, 1, 8, 9, 10, 4, 7]
m8:[4, 7, 9, 5, 3, 1, 2, 8, 6, 10]
m9:[7, 10, 9, 8, 2, 1, 3, 5, 4, 6]
m10:[9, 2, 5, 1, 7, 10, 4, 3, 8, 6]
10 women's preference list:
w1:[4, 6, 1, 2, 5, 8, 9, 7, 10, 3]
w2:[7, 6, 2, 4, 3, 9, 10, 5, 1, 8]
w3:[3, 8, 1, 4, 7, 2, 6, 10, 9, 5]
w4:[9, 6, 3, 1, 5, 7, 8, 4, 10, 2]
w5:[1, 8, 4, 10, 6, 2, 9, 5, 7, 3]
w6:[6, 9, 3, 5, 4, 10, 1, 2, 7, 8]
w7:[1, 2, 4, 5, 9, 6, 8, 7, 3, 10]
w8:[6, 4, 8, 7, 2, 3, 5, 1, 9, 10]
w9:[3, 1, 6, 4, 7, 10, 2, 9, 8, 5]
w10:[3, 8, 4, 1, 9, 10, 7, 6, 5, 2]

* Set 9 ***** |M|=|W|=10
10 men's preference list:
m1:[5, 8, 3, 6, 4, 10, 2, 7, 9, 1]
m2:[8, 1, 4, 6, 10, 3, 2, 7, 9, 5]
m3:[3, 5, 1, 8, 10, 9, 6, 7, 2, 4]
m4:[1, 8, 10, 2, 6, 4, 3, 5, 9, 7]
m5:[1, 3, 10, 8, 7, 2, 5, 9, 4, 6]
m6:[9, 2, 3, 8, 5, 4, 1, 10, 7, 6]
m7:[9, 1, 2, 7, 4, 6, 10, 3, 8, 5]
m8:[1, 8, 9, 7, 3, 5, 6, 2, 10, 4]
m9:[4, 10, 7, 2, 6, 3, 1, 5, 8, 9]
m10:[9, 6, 3, 7, 5, 4, 10, 8, 1, 2]
10 women's preference list:
w1:[8, 1, 3, 2, 7, 10, 6, 9, 5, 4]
w2:[5, 7, 9, 1, 2, 8, 3, 6, 4, 10]
w3:[3, 9, 1, 5, 10, 6, 7, 8, 4, 2]
w4:[3, 2, 10, 1, 6, 9, 5, 4, 7, 8]
w5:[4, 7, 10, 1, 8, 9, 6, 3, 5, 2]
w6:[1, 10, 9, 3, 2, 4, 8, 7, 6, 5]
w7:[5, 7, 1, 10, 3, 8, 6, 9, 2, 4]
w8:[1, 10, 8, 5, 7, 4, 6, 2, 3, 9]
w9:[10, 3, 5, 1, 6, 8, 4, 2, 7, 9]
w10:[7, 10, 9, 3, 1, 2, 4, 6, 5, 8]

* Set 10 ***** |M|=|W|=10
10 men's preference list:
m1:[5, 1, 4, 3, 6, 10, 8, 9, 7, 2]
m2:[4, 10, 7, 5, 2, 6, 9, 1, 8, 3]
m3:[9, 5, 7, 4, 3, 8, 10, 6, 1, 2]
m4:[1, 8, 10, 3, 5, 4, 2, 6, 7, 9]
m5:[6, 9, 7, 5, 10, 4, 8, 3, 2, 1]
m6:[9, 10, 1, 8, 4, 6, 5, 7, 2, 3]
m7:[5, 8, 7, 2, 9, 6, 3, 1, 10, 4]
m8:[1, 2, 5, 7, 9, 6, 10, 4, 8, 3]
m9:[6, 4, 8, 3, 10, 9, 7, 2, 1, 5]
m10:[9, 6, 2, 4, 3, 5, 7, 1, 8, 10]
10 women's preference list:
w1:[3, 7, 1, 6, 9, 8, 2, 10, 4, 5]
w2:[3, 4, 6, 5, 10, 7, 1, 8, 2, 9]
w3:[10, 2, 9, 7, 4, 6, 5, 3, 1, 8]
w4:[2, 10, 5, 3, 8, 1, 6, 7, 9, 4]
w5:[1, 6, 7, 5, 2, 3, 8, 10, 9, 4]
w6:[8, 9, 4, 2, 1, 10, 7, 5, 6, 3]
w7:[10, 6, 1, 4, 7, 2, 5, 8, 3, 9]
w8:[9, 2, 1, 8, 7, 10, 3, 5, 6, 4]
w9:[6, 9, 8, 4, 2, 10, 7, 1, 3, 5]
w10:[4, 7, 5, 1, 9, 10, 8, 6, 3, 2]
