--------------
    9.8599193585   -14.7996076777
   -1.5684670315   -47.5922069774
   -9.0197413486    45.5449927618
   -1.5929038281   -33.8955982943
   -1.3279188168     1.7442607058
   -1.2380017291     9.4463468786
    1.2119703304   -16.5709814094
  121.7053347446   -34.0299019640
   18.3396189890    41.3895645741
   -0.2462617565   -40.0094898984
   -4.2780085120     0.6118531975
   -0.3756553346    -3.3906710241
   11.7478868971    27.2053219456
    1.6623185427    16.4983365396
    3.1736190223    38.8757218280
    4.4288056171    24.4118946471
   -0.3281425687    -2.3146664642
   -1.7869476454    44.7257197968
    0.1621111943    32.6823056533
    1.0998340681   -30.1563423270
   -1.0803130612     2.9759943086
   -0.3394948454    -4.4163255761
   -0.2509853129    -3.8926122717
    0.0907057342    -8.2700706661
    0.2655103681    34.6266265974
    0.8139781453    -8.1215903694
    1.3617797622   -27.7375826394
   -1.0921023200    19.6561118464
    2.1407931062   -24.4094884384
   -2.0823202411   -36.5413619302
    0.6777718893    -4.2506812302
    0.1794874207    44.1952299345
    1.5754246695   -24.8032850810
    1.0749658115    45.5241321426
    1.1697492732    10.6005700177
    0.2600898056    25.9992338280
   -4.6577955799    24.2148335004
   -0.9129123509    21.9079527086
   -0.4369243308   -38.1387132155
   -0.1049955611    35.6106902854
    0.4418277888    11.4096682238
   -0.2821420948    -6.4457717102
    0.0061428318    25.4440314224
   -0.1034275315    16.0389652053
   -0.1172783533    29.5750903515
   -0.8152891046   -48.6140096125
   -0.9019010713     9.9989024078
   -2.6805820214   -46.3628355075
   -2.7603889061    29.8984180822
   -1.7069644979     9.5508746698
    1.6027404493   -12.8970985466
  -43.2976118277   -46.8396022219
    0.3182703034    31.9447566240
    7.7768401345     4.5393430839
   -4.0255908191     5.1864557843
   -0.2639209773   -37.6116696159
    0.5683475294     1.7078024624
   -4.7565879791    38.4470010715
    7.1434752574   -20.0765190974
   -1.5685835693   -40.5310149966
   -0.3022425542    -6.3587211865
   -0.1522083294    20.6121437677
   -0.4863843983    24.1601629571
    0.9630395610    -8.3890609606
    2.4896888351    41.2643611562
   -0.1441515710   -40.4821397086
   -1.9194338365   -17.1367786050
    1.1564127620   -19.5104740624
    0.3957469858    21.0434573852
   -2.0093009105    15.5896664455
    2.7273446451   -49.3866656765
    0.2034359196    16.2686198607
    0.3352605534    18.8351911698
   -6.3076355316   -34.8285264885
  107.4919701467   -16.0809160595
   -0.7014761303    32.5188420834
   -2.8792858848    40.1278995523
    0.2041485817    22.3436450454
   -1.5355579018   -21.4795414981
    2.3482164333    33.1263340107
   -0.2403735466    30.5965012814
   -0.2103944294     0.9246265104
    0.2698653917    47.9217577666
    3.6422608171    -3.9732291224
    3.7147041955   -48.1169077503
    0.9996024226    12.1684225567
   -2.5314482816   -29.7168903278
   -4.5599476879     2.4124320011
   -3.4402749882   -27.1327059186
    1.2383156093   -38.9146867664
   -0.4000137542   -43.1143399292
   -0.0775330836    19.0993186688
   -9.9156657398   -30.8825423095
    0.7601543659    -9.9065557253
    1.3347116989    -4.2928499904
    0.6652836121    -9.2058405258
    0.0618318878    -4.0426925936
    0.6286328062    -3.2506830068
    0.6644368654   -38.4216003410
    1.4509782760    38.0295784227
   -2.6745922076    21.3744497447
    0.1381513641    -7.5561640123
   -0.9041519016   -22.8257461819
   -1.1496117215    24.4630081450
   -3.1415359781    30.8467514496
   -3.5937687231   -46.2132104986
    5.7336776364     4.0105013202
   -3.2546184587    -3.0096026561
   -1.7682606709    48.0127803106
   -0.2240156053    30.8413079915
   -1.3910562139    34.8207288784
   -0.3632231420     9.5993346981
    0.4980117042   -32.3842830355
  -13.5569347630    -4.0398609771
    0.6187313692     4.7440116055
   -3.3370228269   -41.8240879008
    0.9357248909    19.6152956469
   23.3369143211    10.5927273016
    0.5809050636   -25.7098283823
   -1.0332606477   -36.8085701094
   -3.6044628360    37.3535474231
   -6.3842563841   -11.6881641554
    2.5574544890   -13.1801452644
    0.4410340982    36.6418666324
    2.6373581795     6.2833168243
    1.4180033143   -48.7223033125
   -1.0055305127    21.9311268939
    4.3880108915   -30.0349370344
   -7.3241982791   -34.1331652209
   -0.0273171938    20.7041680667
   -0.6983543522    12.7783935381
    0.2358246993    -8.5562863053
   -1.3904235579   -27.4457363601
   -0.0911709817   -48.7558623179
  -43.7404144851     2.9744371781
   -0.3244941128   -19.0935666556
    0.9895154720   -48.8476382180
   -2.4497963080   -11.2058058851
    0.1058570215    11.8545429267
    1.3838320940   -35.3596314398
   -0.4031773827    11.3089314774
   -1.5814387936    45.9322819098
  -13.0747719107    22.1998150319
    0.9620513236    37.6747630443
   -1.4854142351   -12.4486783569
   -0.4280439206    44.2078923796
    1.0007130509    13.2001457709
    9.7746629152     3.4155087274
    0.0366244622   -30.4199089007
    8.8792669046    -8.7042229732
    3.1507262432    33.8563520833
    0.2192060897    15.3806123539
    1.6433839027    26.4948905896
   -0.7617764025     6.6132609919
    0.8806114503   -29.8968449734
   -1.5707323250   -14.8772890341
    2.0060060258    11.4708121713
    1.3794143708   -45.9283530494
   -1.9191891931     9.0232507416
   -1.2862172029     8.2709831845
    3.7593229313    47.3487463597
    0.8070957163   -10.6242039215
   12.2763549731    -5.1297158761
  -13.1953224168   -32.4058286905
   -0.4059035358    -3.7627417843
   -1.4960563772    26.5055765563
    0.5404416308    -6.7482447265
   -0.7758822318    33.5844103470
    1.3199712538   -18.7880205910
   -0.1430597374     6.6262079197
   -1.5704261657    36.2847456218
    1.1475816117   -31.9266266700
   -0.7017444098    37.6055958088
    8.7425860229    -4.4922461978
    1.1171137962    41.5595635620
    1.2753555495    27.2100025870
    0.1084450870     4.3242365068
   -5.8034479975   -19.9625955745
   -0.7012271000    -6.5016188648
   -0.0314965335    31.7001125796
    0.7968153399   -48.7190927333
   -7.9467012379    -2.1654873358
  -10.4017363036   -46.7442545945
    0.3088356577     5.0172862701
   -1.7016592237    36.4297196970
   -6.3842563841   -11.6881641554
   -0.2696202452    12.0827019393
    0.1609974288    49.5584787072
   -0.0908154182    33.5833301302
    1.5687234363    12.3472991801
   -1.2507852174    13.5807038923
   11.1232211449    36.7368373909
   -3.7006051160    35.9053054444
    1.3980281127    12.5895225433
    0.4541329454   -32.3636755547
   -1.6702492389     3.3873420877
   -0.0471307832    -9.9087261589
    2.8323978016   -48.2538978519
    0.5413357262    30.6935816452
    0.1707261823    25.1115952649
    0.0059114490   -46.8952149383
   -0.4146684130    46.9515662154
   -5.3913888077   -43.6910287456
    0.7622534795    24.5606511743
    0.6310896506    18.8241922172
  -14.0286448198    -5.5123353835
    0.3297046062   -20.1904637015
    0.7646255311   -47.7544605891
    0.0901522780    -8.5708791302
   -0.5815451135   -28.9867311779
    2.3228782099    -5.5441832129
    5.2783496396   -26.1222345740
    1.5556149684   -22.5848607315
   14.6016655416   -20.7742194647
    0.1106852902   -35.6861392650
  -12.5864853751   -14.5651622621
    0.7715990716   -28.2965312261
   -0.9265042415   -48.4848254816
   -4.6658830043   -29.7354087095
 1668.6636195207    46.0420247618
    2.5581753403   -47.1155905881
   -4.8657291857     7.6419397849
   -3.1672199760     8.0420194390
    0.0742104214    20.5474784550
   -3.4338583374    35.5743177497
    8.9474473778   -35.7872279847
  -10.0510015026     9.8560513813
   -0.1195621355    14.2046014861
    0.1103260973   -47.7147733951
    0.6446830625     6.5817060943
   -0.5197798184   -39.6683736982
    0.9145476561   -29.6988667332
   -2.8445844521    33.6753951538
   13.6516965602   -22.7884892194
    0.1848935508   -20.5380966383
   37.4757941389   -14.4055867061
    0.2060675723    24.1627248841
   -0.5609470794   -27.9044754719
   12.0689475560    22.0216878137
    2.5808578720   -32.5254329429
   -6.9922818156    -0.5632627786
   -1.5135073295   -28.3645152208
    0.5990653565    42.2190359456
   -0.9331095823     5.1389818826
    0.4624875837     7.1189745973
    0.8974186163    -9.8239453824
    1.6916627850    -0.9725934043
    0.2636187185   -44.8435825216
   -0.0468013202    34.0963748840
   -1.7913812722   -32.0926661126
    1.8911795382    27.4720260662
    8.1528009618    24.0446875314
    0.3843950834    -1.9764339679
   -0.8145122191   -19.9548075684
    0.6087324142    32.6769773102
   -1.4136107569   -10.7007438208
    0.7852676154    45.2499102472
   -0.4851801510   -10.7562534551
    0.5816376005    30.5556024141
   -0.1481101327     3.7054104448
   -0.0646445472    46.1543554588
    1.3286483447   -41.2231664769
   -1.2367310317     0.2114617762
    2.0186191781   -38.6229754168
   -0.0258963230   -17.5293872137
   14.3177250999    29.6389985459
   -3.1107006897   -20.7446234739
   -0.7574357150    -0.4760376653
    0.1876421593    20.6929573650
    1.0310792445    38.7103582358
   -0.9762513202   -26.4775668527
   -2.1373717557   -17.4412746783
   -0.8180655231    17.2395411852
   -2.6204020302   -30.5624453427
    4.6301638195   -47.2070535889
    0.8546778347    25.6830744707
    0.1871703667    -8.8969604605
   -0.6269592212   -18.0571176581
   -1.0983697992    17.3201475596
   -4.1844318252    23.8812848115
   -0.6294977403    46.4054074291
   21.1571877438    49.5247431373
   -1.1193409403   -11.1153356136
    0.1426558041     9.0189435974
    0.3997262650    15.3896777009
   -6.7803823656   -12.6302905189
  -15.2123311674    46.6010232373
   -0.4141658090   -20.3188118822
   -1.3386846657    13.4199558381
    0.4298771799    20.6082056164
   -3.0560819259    -1.7831268169
   -9.6687172028   -19.9490774783
   -0.1860793974    22.7648875542
   -1.2797765291    26.8065712076
    0.1628783055   -35.9750821698
    1.2404359592    11.6797075723
   11.2326368365   -12.7888702255
   -0.4378125738   -18.6250127559
    0.4743817025    13.4277214843
   -3.7150653333    -5.2461672576
  -19.8045006989    30.5406663236
   -1.1819473098    15.0014982591
    0.0247283737    32.7462016828
   -0.9587561538    -1.9112441174
    0.1227402606     2.7209396237
    1.1199664678   -14.1910153661
    2.6449233515   -49.5773415940
    0.0799665304   -42.5263310284
   -0.4927476067    32.7583751131
   -1.2243856976    35.8418392046
   -1.9707729182    43.9208014793
  -11.7373243013    36.9006157781
   -0.4276810249    -3.0379567928
    0.0096024315   -10.8540955634
   -0.4097416193    21.8535021708
   -1.5370908963     8.1338497491
   -3.7937675729    -8.3171111924
  -10.1389034597   -34.5136637909
    0.6639937939   -37.8335912304
    2.0897903396   -32.3589034502
   -0.0664346220   -22.4933718196
   17.7241970259    40.6159364395
   -0.6941024543    11.1112245341
   -1.3714411873    49.0314571150
   -2.6565493307    46.6726792797
    0.3995581005   -27.4552609718
    0.2700060330   -23.3258425997
   -0.3787481509     5.2256218253
    0.4876766048    15.7498230725
    1.2417725132   -38.6389655037
    0.3347664382   -36.3316311296
   -2.5889646293    10.6691651720
   -0.7596126008   -25.4159896915
    0.3681894771    29.8510175234
    6.3913401423   -28.9357426818
   -2.5281836198   -36.4770136740
   -1.0402088518     7.7896243723
    0.7738892685    12.0831121496
   -0.8553185250   -42.4441746544
  -15.2177039902    -6.8952806007
   -0.8279769553    33.1877986395
   10.7591038409    38.8485378664
   -1.3169841284   -21.1282687074
    1.2803470803   -22.2986609829
    1.0441177581   -26.7766467735
   -0.9311280290   -12.8199044397
   -1.6845273036    -6.5374666815
    0.4733783794     5.4688206719
   12.2099722012    45.2741658377
   -0.6995154158   -30.2224315712
   -1.6803632633    15.1894294561
    0.5495857098   -36.8630660435
    0.9551798137   -38.1610744374
    0.5140529419    12.9527289403
    1.3102760505    44.6279788472
    1.1517976812     6.8784374881
   -0.2983913517    -5.9317765800
  -12.7777630742    49.9758977333
   -0.9441250409    12.7631910346
   -1.4439620874    10.9027085623
   -0.2531831718     2.7592205970
    8.7959191327   -28.9048994330
    0.2668959496   -21.2487584666
    0.0620857696    -5.5564559917
   -1.0818625293   -18.4100193823
  -47.9299923376    15.9279847693
   32.2551392823    23.6674485077
   10.3330973467   -44.0023794723
   -0.1796947981    35.8642933079
    0.2329689739    -1.1813566712
    1.0925470487   -18.8379589041
    0.1900574333   -48.6668162526
    6.4464594651    -2.7785531460
    0.5974711896    35.5380617060
    7.3584723879   -35.3986280841
   -2.5744159604   -45.0650738477
  -67.1421503123    -9.6154664260
    1.9134104151   -18.6458875543
   -0.2750501112     6.6026352553
   -0.8128133799    19.2918149201
   -3.5257532179   -17.5159980472
    2.2528637257    14.1398636818
   -0.2930466610    26.5454521933
   -2.7869562914   -18.6147307328
    7.0047718746    -3.9820824488
   -2.8421455789    15.4792884711
   -0.3260551819    -8.6131417338
   -0.0221191281   -39.9331712389
   -1.3274182618    36.6824673207
    5.6256045976    14.0570502544
   -0.2316788046    -5.0526749919
   -1.4803572491   -27.2985199454
    0.2807693301   -22.5511584595
   -0.5242416234    26.5489230574
   -0.5239655909    31.1785880275
   -0.8649915974    37.1554249696
    3.3110182218   -33.8448709995
   -6.8836764375    16.8288463102
    2.4764983402   -31.3312074821
   -1.6975548259   -47.5204219294
    5.7049040282    37.0472726349
    0.1556978097   -41.0158347736
    0.4650260087   -42.0225290787
   -0.7086790740    10.7635322622
    9.3229089177    17.8690564893
    3.9623172422   -31.2714131587
    6.3405246428    31.6318961735
   -3.2856943856   -47.1407094665
   10.3820596519   -10.8541661418
    2.0646192173    34.3006520656
    1.3615364852   -24.7918392079
   -0.5901985510   -35.7487980728
    0.5442294682    43.0621331927
   -0.0943550609    32.2258567112
    2.2304499711   -40.1650774206
   -0.4556126426   -30.9353763885
   -1.8162878319    36.6796048524
    0.8377385191   -47.4255922424
   -1.0467005805    -1.4032032787
   -3.2256558893     8.1014043092
   -2.2281350728    49.5252709251
   -0.2156285898    49.1706413757
   -0.1053857845   -42.9349650918
 -111.9600716392    -3.6834480288
    0.1973972859    47.2011994648
    0.4798605176     0.8626029447
    0.0604951801    43.8647244462
   -0.5553090106    -3.1242488512
   -2.1374575182    28.8398872768
    1.7623106362    36.6231864602
    0.8661679692   -17.5720510067
   -2.4975396358     2.2892273027
   -1.4939839347    12.5256021521
    0.6821497754   -49.1409525513
    0.1138711459   -38.6382807883
  -36.3470095475   -20.9167521721
   -0.7186826042    15.6271058305
 -168.9777549214    21.9729284159
    0.4824896422   -22.0235800044
    0.8415741950   -17.1983944023
    3.9929177485   -26.3785435803
    1.6423245614    31.6275331791
   13.9866979617    49.5138965803
    0.1484603835    28.9156330867
    0.8334566753    40.4802346730
   -1.3339765715    40.7582471330
    0.1658508698    33.4857221175
    2.5292937229    28.0816461373
   -0.0252619284    -0.5525238291
    1.1182958101    31.8810283898
   -0.6273476092    46.6387512542
    2.1303313645   -22.6883259297
    0.5165231466    23.9657615213
    7.0017126672    -2.3166542884
    1.9622473523   -15.4671105793
    2.0891107460    24.9100206546
  -56.8324772858   -36.0259382717
   28.7202708896     2.2589637339
    0.7412370069    -7.7459190635
   -2.3568870757    29.7465103402
   -1.4563866308    34.2744375448
    0.6778010313    31.3387460856
   -0.9812823173   -14.1484674621
    0.6792363357    39.7665327141
    0.4257979060     1.8759518013
   -0.1165918268   -27.0663283930
  -22.9288278151     8.2100008077
   -2.8805684406   -37.6417025548
    0.1111099050    -9.3110976623
   -1.1660539762    -5.9123148031
    6.8076038239   -31.7613183763
    2.1379388076    46.2450157468
    0.6290484298    -5.5628360289
    1.5641167183   -20.5287363312
    0.2841071977   -38.2817637219
    2.7748649604   -38.0227424340
    0.2020942618    -1.6019072777
   -2.4898374297    21.1989903578
 -188.3456857928     0.2340708442
   -0.2322444104    49.3540098727
    2.0062352932    49.0707804445
   -0.7642437639   -23.2035677153
   -0.6541014648    42.8016582128
   -2.9790554628    44.6628809594
   -0.4367969529   -26.5629120074
   -1.3443864982    39.9763948238
   -0.0222095354     8.6786935460
    0.0451492708   -11.1053584192
   -2.6810704556    44.2992809140
   -5.9774441953   -34.4370040904
    2.2562644401    19.6976338182
   -0.2026135109     5.3663130658
   -0.3626958029    26.4920667889
    2.0671847776    35.7351371354
    2.9665199547   -10.3378191745
    2.3573203546    -9.6030994945
    7.6123225315   -40.7129122904
  -13.6827805073    30.7070778450
   -0.5602141719    40.3901840686
    0.0733730601   -35.2877231583
   -0.2039958382   -41.3541530233
   -1.3283922876    16.5966342329
    0.9604233076   -25.3815582814
   -5.1747134630     0.7356019025
   -0.7082626859    -4.4865717589
   -5.6041354754   -44.7645968450
    0.3226178541   -48.7790797558
    2.7236810137     7.2903991828
   -2.1414569593    41.6636967637
    0.6960913971    29.1524008843
    0.2072403071    -9.6864055145
    0.8668739889   -35.0284566900
   -1.1649745604    11.6914109702
    2.2515575468    22.4647562508
    0.2473522246   -13.8514887402
   -3.5420190406    -6.4100573780
   -2.5672818691    21.0252490088
    0.5117500498    38.2377692478
    0.2266541698   -31.7787294097
   -0.6605025997    10.4254553738
    0.5041775311    33.4143666068
   -0.1559734019    12.2584642853
    3.9900537239   -41.2187404390
   -0.4445446893     4.3506261778
   -0.2804923205   -14.6731947133
   47.9550352355   -23.0857456517
    0.0750311591   -32.8780548931
    2.8916412265    35.8258030283
   -7.2115066890    43.4084191529
    0.2108454362   -26.2157005661
   -0.6584377595    -1.1972776931
    6.1632591700    20.6584106185
    0.2548635714   -45.9610769090
   -0.0315100607    -2.9965360796
    0.6994475925    23.3678695769
    1.3083591514   -29.4486898183
    1.0240602646   -18.9508179807
    3.5634504897    32.3080587879
   -0.6243381081   -31.4534826000
   -1.0539034860    -7.3477954412
    1.0101197253     7.9811379652
   -0.6080991478    49.9017874396
   -1.3648816069    38.1088197747
    0.4253881656    46.0779692193
    4.9786312564   -32.0963896393
   -6.7343026236   -19.0879091298
   -0.4560121943     0.5701818721
    2.1747248467     2.7904886395
   -0.2667610012    38.1650890232
    1.0144807340    -8.4800267055
    0.2107566230    25.1003243968
    1.2283331319    14.1671511054
    0.3484082151    48.8186173644
    1.3304271758   -44.8753413780
    0.2261487953   -40.1881910948
    0.6276537314    14.8147075065
   -1.6055559344    -2.2199465546
    1.6816864357    37.7074759049
   -0.6923417849   -48.5830162394
    3.3858180325    30.3136690236
    1.4598758560    30.0567676214
   -0.7827602679   -31.7880598140
    0.2785105798   -27.5751593157
   -1.1358958373    26.4568592218
   -0.0611961111    10.5787556149
   -1.3967981530   -16.1576655334
  -53.4810118100    -8.6029413345
   -0.6828880282     2.0289714972
    0.5596102424   -14.7096523552
    0.6077128085   -36.6791020341
   -0.5757950701    37.0995960033
    0.0035948970   -24.7046557642
   -1.0226894579    -3.2345298772
   -3.8291073798   -15.9305395740
  -24.2472644843    29.4367120406
    0.4208493154    -8.7331063565
    1.0964855866   -29.5836353156
   -0.1939665326     5.4563949977
    0.1904098182   -38.2843846871
   -0.4956087580    -8.5957443831
   -6.7343229153    10.2949656479
   -0.6287087186    -5.4423076407
    4.8531035997    -7.4290229961
    1.5042068319   -31.2245197305
    0.3916779597    46.3899721346
   -2.9200236235    41.6959484167
    2.2629606304   -33.9749406271
    1.4708261623    42.5692019450
   -0.3687414895     7.2078859666
   -0.1658872548    38.6901414703
   -0.8005135916    31.2383946433
   -1.3109293772    22.4896170640
   -0.5441627608   -48.2781458482
   -2.9158027607    -1.3428156765
    1.0990637641   -40.9552076284
   -0.2782909555    47.7387779823
   -0.7532520673    21.6196989191
    1.7451832614    15.2011577291
    0.8053570058    47.6956817277
    0.0316423813   -36.3441510076
    0.8829187310    20.8944649192
    0.3816437168    16.4437069641
   26.4913751180    29.9518540753
   -0.8419353475   -40.7654225372
   11.2533684453    22.1299763866
    7.2888504408     8.9081226586
   -8.6877776455   -15.1209155584
    1.8522448701   -30.3426111986
    1.7596961442    -4.2010444390
    0.9431919444    -5.7891742114
   -1.2866676728    39.8396305775
    0.2287080870   -30.2589469163
    3.9401581560    36.8968727295
   -2.1096719747   -48.9651608936
    5.8834540262   -10.1565776128
  -14.8278942652    19.8380201011
    0.0689872841   -45.5837365727
    8.3605460712   -38.0088360862
   -0.9316779085    35.7519062787
   -0.8175955344    21.6735131095
    0.4010283143    22.9488895258
    1.2005919910    -1.4318719937
   -0.1555864749    13.4974050559
    1.2903546689    21.6542222148
    0.2659949429    41.5037594249
    0.6459144839    43.3013741488
   -0.7831011717   -47.4849037116
  -13.6652422013     6.9044243036
  -30.9961196628    20.4330659035
   -0.6361468320    27.9905510664
    0.3291477194   -49.5438549676
   -0.6315047992   -21.3852727730
  -47.4233903419   -20.8937030283
   -0.2597521138    43.9553056053
   -0.9345724880    14.3041413960
   -5.7159352079    -4.0485972529
   -0.0401478757    41.9637318153
   -2.8095649415   -39.1696037280
    0.5069786455    21.3506557302
   -1.4197985986   -37.9620382983
    0.0382174454    25.2321813521
   -0.2140182632    30.3646396215
   -0.0434722362   -26.1962315631
    0.1380620266   -44.3850122626
  -19.4550020060    39.3631492345
   -1.0643076254    40.1368609211
    0.4595371647   -33.3329620597
   -1.1956596373   -41.0935849246
   -3.5445682250    45.2954481566
    0.9047198478    38.9041706780
   -6.4267384680    39.0161189178
   12.7168566665   -31.7131544619
   -0.6151333912   -46.5776989168
   -4.3977616264    32.7619849583
    0.6216749266    -8.8752415107
    0.4047072762    48.6182289966
   -0.4702409074   -18.5941367805
   -0.7079783985    24.2284489565
   -3.1893775781    48.8708733749
    0.8148735606    -8.5179969070
    5.0713029510   -49.0244024336
   -2.1179505904   -48.6285262187
    0.5597310909   -32.2353237153
    3.6766418960    -3.2410870861
  -27.8400196571   -45.8792778255
   -3.5173660416    47.1592022948
   -5.0924689882    22.7908111841
    5.1639356503   -12.3526430662
   -0.0722156511    33.1860704417
   -0.8269269513   -48.6568281062
   -2.6126626404     2.8794808188
   -2.0157821614    12.3932156329
   -1.1855192544   -42.8788975291
   -2.8997297773    34.8285770449
   -3.9582656148     7.0151052174
   -5.1463910435   -17.8879860225
    0.8001297485    20.7164134217
    1.0475592562   -43.1894246804
   -0.2629165566   -19.7606112263
   -0.6868677312    18.1376978960
   -1.3310653435   -35.0613886929
   -0.5969226321   -14.1181311093
  -90.9937045266     6.2362113926
    1.1615479423    15.0211041354
   -2.6111271729    -8.2513605573
   -1.4470434448    37.2077306180
   91.8391854711   -44.4242813743
    0.3882340148    44.0350878575
   -0.4649346922   -12.5748071847
   -0.4159766967    46.3036249466
    0.6327820960    33.3568066799
   -1.0715502627   -46.4952037588
   -0.8759805313    15.5569285994
    0.2881218363    21.1049143134
   -1.7006522099     5.8025112472
    0.3584013709   -18.4083549854
   -3.5093881388    40.2270974235
   -0.4547749800   -20.6195306773
   -0.4990467720   -48.3679103587
   -1.2721610326   -17.8438520605
    0.8843712141   -40.9741177746
    1.2948932805    26.4884064937
   -0.1046418515   -26.3424916371
    6.0297257953     9.8560053427
    0.7005229198    16.4650566373
   -2.4584494587    27.1553562893
    0.9542344919   -47.8058350490
    0.1659022502   -20.8583980703
   -2.3834218116   -39.6332495501
   -1.5888025143    -7.7294480704
   -5.6788183014    45.4252319522
    0.1435009810    44.7796833730
   -1.0836023914    44.0231341815
   21.2251973667   -45.3481266336
   -0.5853882335   -26.1724039791
    1.4846682772   -43.6352214002
   -4.5034723381   -34.4094551137
   -1.1475980967     3.3016200725
    0.1365156969   -20.1376435360
    2.9406350912    21.7043586621
    0.2888681859     6.9427851203
   -2.6998045002    48.7285905240
   -0.7249640488   -25.5024428379
   -0.3354734125    -3.0935301705
    1.2997899112     2.9918962857
    0.6052380043   -36.3108282558
   -3.1302131868    38.1131634952
   -1.2016125980    33.5357684080
   -6.0728642687    15.2980108299
    0.3902574335   -18.4387234014
    0.1418657199    18.8983128920
   -1.1787535872    -3.2390322965
    4.3482565684    40.8018346245
    1.6595370137    24.9123577382
   -0.2656229274   -49.5608515428
   -0.5548789035   -29.8789802535
   -3.1366267684    -1.7773244510
   -5.7286284066    22.0681691743
    1.0620369774    13.7799580705
    0.2583078857    10.2707211603
   -0.9672381577   -23.8009064005
   -1.0485153407    21.8209692912
   -0.2890959239    37.7382253385
    1.1494629203   -45.3154023228
   -0.6638146667    -8.8003102894
   -0.1520071987    49.6638940109
    2.5538589365     3.1295842390
    2.5235074675     9.0430202328
    0.4805897577   -28.0440578029
    1.7076619773    47.6747643187
   -0.8819126348    -2.9651275718
    0.7889540972   -45.6742585437
    0.0089644037   -13.3310414040
   -1.2479720070   -19.8747298074
   -5.3744555023    17.5760054518
    0.8164378102    19.7053161583
    0.1080179006    46.0661647752
   -5.7614201949    38.8729354592
   -1.4479951235   -16.7165223169
   11.1236936270    13.6257162752
   -1.2221951580    26.9870187521
   -0.7324011213    35.3764190881
   -0.9686701124   -43.7907648403
   -1.8944036461   -17.8814037641
   -1.4741056696    -7.8407870784
   -1.6677953725     3.9951210067
   -2.7226815547    29.7443054297
    1.1104146416    46.4459966103
   10.4174488521    -8.4389646506
    0.4941198011    31.1013073925
    0.6428672962   -13.4885691382
   -6.1997552483   -13.1408320327
   -3.0473069642     3.9832755713
   -1.8056635715    48.7701796714
   -1.0398574448   -35.4456939197
   -1.9806703942    48.2161986042
   -0.3346355758   -27.6775923597
   -1.3088424898   -17.9154933452
   -6.3828217735   -16.8052584376
   -0.2284313867    -5.1407145748
   -0.8690890858    -2.4819951438
    0.0427730517    34.2018666934
   -0.1418745755    34.4404848927
   -0.1809918926    32.2776949572
    6.8379761411   -29.6793500677
   -0.7909774965   -17.6649965109
    0.8126258350   -15.5298262441
   -0.2958822907   -25.5075912654
   -1.2689398750   -32.9430051125
    2.3491746882     7.0708844189
   -4.7851762701    35.2204600683
    0.4877406717    14.9812925982
   -2.6925673959    21.4567492539
   -0.2416224665    37.8011548004
   -0.1148945008    23.1261676807
    0.9709197695     3.1536417275
   -1.5300482760    13.0457102686
    0.3623552464   -11.9090330608
    0.2160249323    23.8116682136
    1.3605106223    19.7437394182
    1.5067590289    -8.0013406913
    0.5928997075    45.5915540706
    0.9057173255   -37.2375031553
   -3.0009161417     8.7208832160
    9.4778738583    48.7915777041
    1.3600404509    15.8851523222
   -1.8907992701   -40.6282355705
   -0.3859181285    43.7172834898
   -0.0846037312   -45.9884382935
    0.3509804603   -21.9446262712
    0.7516321990   -45.2217893556
   -0.7851886209     0.3157009487
    0.8281062129     5.1312612077
    2.0943531863   -15.6627515651
   -0.3892000504     8.3425816218
   -0.9194847739   -11.9007549496
    0.1268012080    32.1170121417
    0.5717232867     6.9374240002
   -0.9071567021   -22.5268165576
    8.5651462910   -33.9655620527
    0.2918509638   -21.1574991913
   -1.3182546504    24.8047599750
    2.1101865487   -40.7978666940
   12.0600813713     8.9260769910
    0.1966917802    -7.1389684381
    1.7459116242   -16.2465358609
    0.9969957164   -12.5465015938
    0.2267665118    22.8050135736
    0.2663443512   -37.0742384424
   -0.1767253002   -24.9915086236
    0.9300957727   -29.1046014624
   -1.0417698475    33.8476596261
  -11.3696794340   -31.1201590871
   -1.1342011651    -4.4071242831
    0.0218487470   -24.0351970372
   -0.1367704565    43.3848666868
   -0.0465433412    -5.8900398433
   -2.2357614791     8.7067170029
  -12.5420898615   -28.1286378464
    0.8802401806    28.5616831156
   -0.3815131256    -1.9007447578
   -2.2545248395   -35.1158061780
   -0.2711273037    14.5773432747
   16.7998792499    -2.8334253840
    0.3005630433    -1.5458030843
   -0.6371927654    -7.7417587094
    0.6002056577    20.5106748150
   -0.8435282969    41.7243822494
 -111.9600716392    48.0919294946
   -0.1778841327   -48.5417318811
   -0.3725368158     2.8613787258
    2.3745772080   -18.6537500943
    0.8586180465   -47.1353038469
   -0.1059099133    -0.3088246040
    3.6951273095    47.3204447872
   -1.7353767928    30.1419062983
    5.3468692675    36.8494729603
   -1.3384027744    39.8826748666
    0.4957591744   -20.4958773492
    1.6613097734    21.3608232130
   -0.0422077443     3.9318107908
   -0.9733004363    -4.6753998479
   -8.3679998370    13.0821938869
    2.6798647714    34.2274782577
   -1.5031140318   -28.8541674577
   -1.7530496100     6.2016715051
    2.1364531914   -25.1840925998
   10.1303738672    -9.4302313456
    1.9203152988    25.1113348717
   -2.6811015943   -46.4632905138
    1.1963075453   -18.8536740637
   -0.6801937240   -48.3319863073
   -0.4785235576    30.8855017476
    3.6874755499    18.5458335644
   -0.3943659526    -4.7105172779
    1.1395192533    10.9576009907
    0.0717084759    -2.6467572788
    0.3294114912    -0.8069242860
   -0.3303390387    -3.4292882134
    0.4098002283    36.9973482801
    0.5769587754    20.6054372080
   28.8073989500   -44.5454548681
    2.9957603506   -39.7602423557
    1.0448773485    30.5980150508
    9.0819174241    31.6799805340
    0.1638595496    11.2594496680
   -0.3127335738   -27.2788753901
    1.0404958383   -12.9250338264
   -0.7054968777   -38.9372326360
    1.2196094548    39.0704617632
   -0.4784248887    18.7346202278
   -1.6220944266     3.1281177701
    0.2273583871   -27.6870627432
    0.0555703245    31.1831853547
    0.9901568652   -21.0235743833
    0.4125142028    34.2454878187
    0.9399227718   -39.5653289310
    4.1048525158    41.1097593142
    0.7311809774    38.3892060971
   -1.4880973769   -21.9195709572
    2.7034810014    23.9154060105
   -5.8552433843    22.1676865679
   -1.3891896384    23.3963503635
   -3.1785481725     7.5270341673
    0.2322255758   -28.3914782914
  -71.0221525493    14.8074172883
   -1.0409518743   -14.1293138326
   -1.3588723186    27.7858571741
   -0.5488408803   -13.6195408850
   -1.4489201610   -43.7570857844
   -0.5087678218   -48.8661071985
    1.7190149843    27.1062471087
    0.8068661852   -18.7424060816
   -2.1869603668    38.9033370475
    0.7105634204   -11.2176947249
    0.3288019526    20.1023938856
   -0.3585761658     4.0112721454
    1.1378226161    29.5339613552
    9.4851073683   -31.7390057696
    2.0712109078   -26.6759546611
   -0.1955717487    21.4983680430
   -0.2054268593   -35.6643407745
   -0.1322602770    -8.2368103607
   -1.8975309459   -20.7003375505
  -12.0234777086   -22.1973250391
   -0.5416482323    -8.2840872399
   -0.8841019490    47.8903449525
   -2.2693073336   -43.1064700157
   -0.7125019069    27.7233320036
    1.5910816036   -27.6261832495
   -1.4489401167    12.9011680227
  -54.9090459047   -18.6249549912
    0.7517682947   -34.4156393069
   -0.0646629925    16.2271821474
   -0.4355889972    49.2037374428
    0.3313002586   -37.1989839418
   -0.5109955733     2.5425999559
   -1.5586700393   -24.9499548545
   -5.2085652313   -24.1775958223
    0.8140197210     1.4452108490
   -1.4045955519   -41.6861399767
   -0.3207988348   -49.5206521774
    5.4957912032     9.0657323077
   -0.3852263244    32.9100838603
   -2.4756452171   -34.7248457285
   -0.4646625067   -28.9472780738
   -8.9455986457   -17.8860161529
   -0.8256583057   -23.9964233326
   -0.3955356066   -25.2098116745
    0.2674723705   -29.8575497637
   -6.3135481830     1.1026437093
    0.3332035245   -20.0599060210
    1.2781750702    25.2402373597
    0.8413511950    24.7237473767
    0.3063147958   -22.1537664170
    0.7644959531    -0.7155850546
    1.1667994896     8.0684435895
   -0.0814436115   -20.0056756763
    6.4733114718    16.0812808181
   -1.9015917958   -33.0481577619
   -0.0102014080   -18.4282671276
    0.3566958381   -37.7695203184
   -0.1787753936    36.6710958999
    3.3287558826   -17.9906136529
    0.4176728943   -14.4877554610
    0.1947693427    12.1304945880
   -0.5307411863    45.4680871667
    0.2112334821   -45.6745613623
   -0.9155261495   -44.8365340937
   -0.2085118765    13.3450929814
    7.8962597277    -3.8121082279
    0.6195727692    13.8061577814
    4.3019030312    48.2282518568
   -0.7543358137   -48.8449953831
   -0.0014054682     6.9500918882
   -0.6965068463   -17.3118442795
   -4.6015253041    13.6232063369
    0.7761173267   -34.3473676186
   -2.1779648387    -6.8728473804
    4.7536422567     0.3299252238
    0.5063375584    28.4361731503
    6.6376727712     4.6420232737
   -2.5032426675    39.0011937251
    0.7411655220   -36.2354509084
   -0.5267128905    16.5416681890
   -5.6705037243   -14.1964327977
   -0.0634245615    37.9742295509
    0.0246957040    16.0684773886
    1.5531784098     6.2445035339
    1.9231403771    -1.5811854627
    1.1428548728     9.9182751944
    0.4831796692   -41.0771556245
    1.3348201049    14.6982335298
    0.5235881051   -22.9126888810
   -3.5340300340    16.2734529042
    3.0550725541    32.6928537522
    0.9644936462    24.3661085189
   -0.0249168850   -33.6128115621
    0.5044869964    -5.1700769580
    0.4871819929   -11.4216126200