--------------
    5.9264189333    16.7688388972
    1.1841712643   -23.1142523309
    0.5165683228   -29.9225177856
   10.6609427480     1.1863029395
   -4.4290179796     7.5364539156
   -2.2133434223     6.4241330408
    1.5117993113   -17.2261986307
    0.0648993426    21.0238125524
   -1.8716592418    30.2728478874
   -5.7823658891    16.5877046566
    0.2327945652   -31.3497234176
    1.1841712643   -23.1142523309
   -0.2151206892   -15.2644136273
    0.5165683228   -34.8069701316
    0.8202065356    22.4368004798
    0.0956047704    -1.8283197410
   -1.1121699616    28.1400928798
   -2.4021302806   -24.8346297357
    0.1400406524   -44.8799270654
    0.0985620246   -29.1805449998