--------------
   -6.5894406442   -24.4555201316
   -0.0499364167    13.5993483208
   -0.0540183301     0.9264276672
    0.1782208577    18.6316106235
  -44.8860215826   -44.3575677138
    6.2772186136    39.3140233984
   -1.2251076725    17.5901752953
    2.0248218353    48.0566498821
   -0.7216713719    43.5053788662
   -4.9653633253    30.3111202887
    0.8273371373    -5.3811804658
    0.0594184211    -9.6661902258
    5.4468790155    22.3020588523
   -2.4122553432   -37.2017577767
   -0.1398914044    22.3519114188
   -0.9562697547    43.0857530856
   -5.1086854910    33.1876575105
   -6.7652237030   -20.3011958174
   -1.8141622081   -43.4930518791
    0.6268180126     7.0270741806
   -0.2807405775   -19.9744248238
   -9.4211035866    -7.7333724971
   -1.1238350550    18.7721776093
   -6.4532581823     2.1069105484
   -0.0928910469     3.4691277087
    1.9866809492   -44.3901196313
    7.1160582740   -38.7594373415
   -2.9682199345    15.0131988772
   -1.7813920775    42.3793098400
    0.3176854721    41.3160599239
  -47.9582150770    46.5042217878
 -593.0897151291    34.3618242314
    5.5482756116   -18.0263280723
    1.5212776654     8.5729386613
   -0.7866323222    22.1604445889
   -0.1290395371   -13.6098100531
   -0.7702204761   -40.1724963542
    1.4342326567    45.2569078426
   -0.6865799098    -3.9399463948
    1.5061695132    34.6625545824
    0.1645676944    47.0881560848
   -2.3079098855   -29.3386720229
    5.4201585806    45.4510493726
   -0.2279972110    10.4396860484
    0.0419245598     2.0682031226
    2.7208935740   -40.2274487006
   -0.5101274615    47.7979700874
    1.1451255236    17.3185197231
  -20.2565023569   -44.6928991031
    1.0926257867    23.5136616722
    0.5574910505    15.7932921489
    0.5684397628    16.2424422562
   -1.2571487876    16.8765410409
   -2.0225286394    36.6300173865
   19.1496884127     7.3987921672
   -0.3612330663   -47.1755364206
   -1.0511243746    42.5815740089
    0.9895690444   -21.0483404377
    0.4915971922   -23.3285426054
   -3.4334073620   -45.6969620988
   -0.8942146986   -24.3112535668
  -23.0503347533    27.3675517087
    1.5267955534   -48.8402971161
    0.1074206512   -44.0336575817
    0.3705305972   -38.1764014837
   -0.3222206296   -16.1492203179
    1.9632984288   -10.8884967168
   -2.3867086484    29.7086792984
    5.6932077791    24.2641510622
    1.1918299517   -45.6111544432
    0.4576147500    -6.2620097849
   -1.5248487869    16.4420900436
  -12.6140522134    14.6491367347
    3.3612886518    23.1504495162
    4.1779679001   -37.3483334832
   -1.6003456868    21.2079281895
    1.6683445359    20.3896028192
    2.7846890800    21.1953120623
   -0.7834177690    27.4676867102
   -2.0895725902    26.1597910429
   -0.0778616131   -10.5704030706
   -2.3455894202    10.0960004284
   21.9640057238    31.6236425230
   -1.3871598887   -15.5604735086
    1.0121493205    12.4680048700
   -0.0499364167    13.5993483208
   -0.8061235826    17.7591610850
    1.6683445359    35.6484134634
    0.2014110434    48.1754605916
   -1.3841260776   -17.2479293839
    1.8027012453   -48.9671850732
   -1.0942318393    -6.3530011658
   -0.6809364786   -19.8475213623
    0.3239990812    49.2650725693
    5.7304482572   -30.8915066315
   -3.5927435663   -45.6015932861
   -3.1304333361    34.7467479832
    4.5543947379   -46.0001603298
    0.2513808442    41.7280797898
    0.2736593371    -7.7347912757