30 graphs in nwdGraphs30.txt

** G1: |V|=15, V={0,1,...14}
(u, v, weight) E = { 
      ( 0,  1, 52.714)
      ( 0,  8, 63.054)
      ( 1,  8, 31.297)
      ( 2,  3, 92.862)
      ( 2,  6, 70.077)
      ( 2,  8, 29.885)
      ( 2, 13,  5.528)
      ( 3,  2, 38.231)
      ( 3,  4, 27.005)
      ( 3, 10, 51.549)
      ( 3, 14, 40.414)
      ( 4,  1, 68.802)
      ( 4,  2, 30.818)
      ( 4,  3, 37.056)
      ( 4,  7, 30.717)
      ( 4, 10,  2.892)
      ( 4, 11, 43.743)
      ( 4, 14,  3.389)
      ( 5,  0, 44.359)
      ( 5,  1, 78.164)
      ( 5, 10, 91.419)
      ( 6,  1, 31.322)
      ( 6,  3, 38.352)
      ( 6,  7, 86.132)
      ( 6,  8,  0.265)
      ( 6,  9,  2.455)
      ( 7,  5, 65.080)
      ( 7,  6,  6.156)
      ( 7,  8, 65.334)
      ( 7, 10, 41.303)
      ( 7, 12, 40.195)
      ( 8,  0, 66.436)
      ( 8,  7, 37.666)
      ( 8,  9, 31.743)
      ( 8, 11, 61.558)
      ( 9,  2, 40.998)
      ( 9,  6, 10.677)
      ( 9, 12, 27.746)
      ( 9, 14, 70.605)
      (10,  1, 25.239)
      (10,  2, 32.062)
      (10,  6, 12.600)
      (10, 11, 29.253)
      (10, 13, 60.754)
      (11,  5, 30.838)
      (11,  6, 82.893)
      (11,  7, 56.958)
      (11,  8, 12.040)
      (11, 10, 62.855)
      (12, 13, 3.108)
      (13, 11, 13.711)
      (14,  8, 45.080) }
------------------------- 

** G2: |V|=15, V={0,1,...14}
(u, v, weight) E = { 
      ( 0,  3, 42.548)
      ( 0, 12, -4.456)
      ( 0, 13, 34.747)
      ( 0, 14, 87.360)
      ( 1,  0,  1.324)
      ( 1,  4, 12.807)
      ( 1,  5, 10.055)
      ( 1, 10, 52.728)
      ( 1, 14, 62.232)
      ( 2, 12, 84.499)
      ( 2, 13, 55.185)
      ( 2, 14, 69.835)
      ( 3,  1, 17.536)
      ( 3,  4, 12.920)
      ( 3,  8, 46.713)
      ( 3, 10, 24.249)
      ( 3, 14, 53.611)
      ( 4,  6, -5.853)
      ( 4,  7, 93.362)
      ( 4,  9,  6.857)
      ( 4, 10, 47.544)
      ( 5,  3, 40.712)
      ( 5,  6, 73.573)
      ( 5,  9, 69.557)
      ( 5, 12, 32.409)
      ( 5, 13, -7.401)
      ( 5, 14, 16.205)
      ( 6,  0,  5.342)
      ( 6,  1,  8.074)
      ( 6,  4, 44.397)
      ( 6,  7, 12.229)
      ( 6,  9, 71.951)
      ( 6, 10, 46.967)
      ( 7,  4, 43.209)
      ( 7,  9, -21.139)
      ( 7, 11,  7.205)
      ( 7, 14, 17.473)
      ( 8, 12, 39.621)
      ( 8, 14, -5.413)
      ( 9,  3, 83.523)
      (10,  0, -5.730)
      (10,  1, 63.382)
      (10,  2,  0.055)
      (10,  6, 16.156)
      (10, 14, 26.177)
      (11,  0, 24.970)
      (11, 10, -15.531)
      (12,  3, 50.220)
      (12,  6,  7.994)
      (12,  8, 35.256)
      (12, 13, 51.666)
      (13,  0, 13.559)
      (13,  1, 10.549)
      (13, 10, 62.805)
      (14,  0, 82.355)
      (14,  1, -4.139)
      (14, 12, 15.955) }
------------------------- 

** G3: |V|=20, V={0,1,...19}
(u, v, weight) E = { 
      ( 0,  5, -6.763)
      ( 0,  9, 78.560)
      ( 0, 15, 74.902)
      ( 0, 18,  4.137)
      ( 1,  6, 68.902)
      ( 1,  7, 52.370)
      ( 1, 12, 30.668)
      ( 2, 12, 45.851)
      ( 2, 16, 24.535)
      ( 3,  0,  2.042)
      ( 3,  2, 42.149)
      ( 3,  4, 31.045)
      ( 3, 10, 81.700)
      ( 3, 11, -7.627)
      ( 3, 13, 73.563)
      ( 3, 14, -7.517)
      ( 3, 19, 21.967)
      ( 4,  0,  6.171)
      ( 4,  3, 57.882)
      ( 4,  9, 57.866)
      ( 4, 11, 12.904)
      ( 4, 14, 13.325)
      ( 4, 18, 73.671)
      ( 5,  6, 84.489)
      ( 5,  9,  3.461)
      ( 5, 16, 75.085)
      ( 5, 17, 95.755)
      ( 5, 18, 19.812)
      ( 6,  0, -2.712)
      ( 6,  4, 58.810)
      ( 6,  5, 76.451)
      ( 6,  8, 33.095)
      ( 6, 13, 25.569)
      ( 6, 14, 19.615)
      ( 6, 15, 94.368)
      ( 6, 16, 39.071)
      ( 6, 18, 68.117)
      ( 7,  0, 75.048)
      ( 7,  6, 77.267)
      ( 7, 10,  2.824)
      ( 7, 14, 66.870)
      ( 7, 15, 17.161)
      ( 7, 16, 33.366)
      ( 8,  4, 67.655)
      ( 8,  5, -11.507)
      ( 8,  6, 50.077)
      ( 8, 11, -0.625)
      ( 8, 15, -7.923)
      ( 8, 17, 83.876)
      ( 8, 18, 77.952)
      ( 9,  0, 26.354)
      ( 9,  1, 85.227)
      ( 9,  3,  5.414)
      ( 9,  6, -20.162)
      ( 9,  7, 41.074)
      ( 9, 12, -4.083)
      ( 9, 18, 89.510)
      ( 9, 19, -17.435)
      (10,  6, 70.347)
      (10,  7, 73.624)
      (10,  9, 76.176)
      (10, 12, 22.891)
      (10, 13, 42.469)
      (10, 14, 43.072)
      (10, 15, 52.598)
      (10, 16, -15.543)
      (10, 17, 48.086)
      (10, 18, -1.995)
      (11,  0, 45.714)
      (11,  3, 61.386)
      (11,  8,  9.563)
      (11, 17, 32.166)
      (11, 18, 87.644)
      (12,  2, 48.182)
      (12,  4, 15.383)
      (12,  7, 39.684)
      (12, 10, 15.288)
      (12, 11, -4.572)
      (12, 14, 26.819)
      (12, 15, 42.534)
      (12, 18, 19.447)
      (12, 19, -8.751)
      (13,  1,  8.148)
      (13,  3, 38.524)
      (13,  5, -0.870)
      (13, 11, 75.134)
      (13, 14, 65.562)
      (13, 17, 77.242)
      (14,  4, 58.584)
      (14,  7, 20.847)
      (14, 12, 65.536)
      (14, 16, 78.701)
      (14, 17, 18.579)
      (15,  6, 20.884)
      (15,  7, 37.021)
      (15, 10,  4.207)
      (15, 11, 12.188)
      (15, 16, 82.424)
      (15, 17, 36.118)
      (15, 19, 13.227)
      (16,  1, 65.335)
      (16,  2, 55.920)
      (16,  3, 12.519)
      (16, 11, -0.165)
      (17,  1, 53.620)
      (17,  2, 34.614)
      (17,  5, 55.666)
      (17,  8, 72.500)
      (17, 13, 80.455)
      (17, 16, 13.465)
      (18,  1, 68.620)
      (18,  2, 80.171)
      (18,  4, -2.806)
      (18,  9, 14.600)
      (18, 13, 62.512)
      (19,  8,  3.859)
      (19,  9, 59.664)
      (19, 10, 58.258)
      (19, 12, 44.712) }
------------------------- 

** G4: |V|=20, V={0,1,...19}
(u, v, weight) E = { 
      ( 0,  8, 91.434)
      ( 0,  9, 81.681)
      ( 0, 12, 96.956)
      ( 0, 16, 84.582)
      ( 0, 18, 73.705)
      ( 1,  0, 14.262)
      ( 1,  2, 53.592)
      ( 1,  3, 92.631)
      ( 1,  7, 87.779)
      ( 1, 15, 24.778)
      ( 1, 19, 25.316)
      ( 2,  0, 65.863)
      ( 2,  3, 37.158)
      ( 2,  4, 40.313)
      ( 2,  6, 27.182)
      ( 2, 11,  2.102)
      ( 2, 14, 24.976)
      ( 2, 19,  2.642)
      ( 3,  0, 59.000)
      ( 3,  1, 11.093)
      ( 3, 12, 88.280)
      ( 3, 19, 85.727)
      ( 4,  1, 61.453)
      ( 4,  3, 95.436)
      ( 4,  7, 58.723)
      ( 4,  8, 74.028)
      ( 4, 13, 34.698)
      ( 5,  1, 26.753)
      ( 5,  7, 49.033)
      ( 5,  8, 63.431)
      ( 5, 10, 93.381)
      ( 5, 15, 32.539)
      ( 5, 17, 10.143)
      ( 5, 19, 41.515)
      ( 6,  4, 98.621)
      ( 6, 11,  5.710)
      ( 6, 14,  5.021)
      ( 6, 16, 60.402)
      ( 6, 19, 21.284)
      ( 7,  0, 85.652)
      ( 7,  2, 31.083)
      ( 7,  6, 23.484)
      ( 7,  8, 61.967)
      ( 7,  9, 87.368)
      ( 7, 13, 11.973)
      ( 7, 17, 62.413)
      ( 7, 18, 86.404)
      ( 8,  0, 15.771)
      ( 8,  7, 15.318)
      ( 8, 10, 18.337)
      ( 8, 15, 82.928)
      ( 8, 17, 43.803)
      ( 9,  3, 93.229)
      ( 9,  6,  8.109)
      ( 9,  7, 80.220)
      (10,  3, 42.175)
      (10,  7, 85.820)
      (10, 12, 81.678)
      (10, 13, 46.849)
      (10, 14, 92.970)
      (10, 17, 69.808)
      (10, 18, 66.926)
      (11,  3, 71.840)
      (11,  5, 49.539)
      (11,  6, 92.035)
      (11,  9, 85.732)
      (11, 10, 24.585)
      (11, 13, 44.122)
      (11, 15, 17.746)
      (11, 16, 86.597)
      (11, 18, 91.309)
      (12,  0,  4.418)
      (12,  5, 48.067)
      (12,  6, 78.583)
      (12, 11, 38.065)
      (12, 17, 18.783)
      (13,  0, 43.135)
      (13,  1, 91.097)
      (13,  4, 72.337)
      (13,  7,  2.761)
      (14,  3, 75.618)
      (14, 11, 82.966)
      (14, 12, 30.073)
      (14, 16,  7.455)
      (14, 19, 34.279)
      (15,  0, 11.488)
      (15,  4,  4.592)
      (15,  7,  9.585)
      (15,  9, 42.759)
      (15, 11, 51.725)
      (15, 12, 43.214)
      (15, 13, 43.520)
      (15, 19, 83.906)
      (16,  3, 29.984)
      (16,  5, 61.903)
      (16, 10, 42.838)
      (16, 13, 22.201)
      (16, 14, 42.746)
      (16, 15, 43.249)
      (16, 19, 27.923)
      (17,  5,  4.404)
      (17,  6, 50.600)
      (17,  8, 44.874)
      (17,  9, 35.915)
      (17, 12, 27.017)
      (17, 14, 59.516)
      (17, 19, 31.430)
      (18,  0, 74.478)
      (18,  4, 99.145)
      (18,  5, 97.671)
      (18,  6, 16.291)
      (18,  8,  9.728)
      (18, 14, 84.293)
      (18, 15, 13.116)
      (18, 16, 96.235)
      (18, 17, 23.113)
      (18, 19, 42.886)
      (19,  0, 86.554)
      (19,  2, 20.850)
      (19, 11, 29.891)
      (19, 12, 85.530)
      (19, 13, 54.252) }
------------------------- 

** G5: |V|=25, V={0,1,...24}
(u, v, weight) E = { 
      ( 0,  1, 79.354)
      ( 0,  3, 11.846)
      ( 0,  7, 93.825)
      ( 0, 11, -9.673)
      ( 0, 12, 16.163)
      ( 1,  2, 41.931)
      ( 1,  3,  9.662)
      ( 1,  4, 10.086)
      ( 1,  7, -14.545)
      ( 1, 17, 23.103)
      ( 2,  0, 60.118)
      ( 2,  1, 70.201)
      ( 2,  3, -6.023)
      ( 2,  4, 28.799)
      ( 2,  8, 27.972)
      ( 2, 17, 30.082)
      ( 2, 22, 10.646)
      ( 2, 24, 43.368)
      ( 3,  1, 95.571)
      ( 3,  2, 11.760)
      ( 3, 20, 11.126)
      ( 4,  0, 33.566)
      ( 4,  5, -1.739)
      ( 4, 12, 13.240)
      ( 4, 18, -3.078)
      ( 5,  6,  2.159)
      ( 5, 10, 70.822)
      ( 5, 16,  8.816)
      ( 5, 17, 25.595)
      ( 6,  1, 52.465)
      ( 6,  8, 61.481)
      ( 6, 11, 19.675)
      ( 6, 13, 18.667)
      ( 6, 18, 89.706)
      ( 7,  0, 46.393)
      ( 7,  8, 60.003)
      ( 7, 17,  9.453)
      ( 7, 21,  9.113)
      ( 7, 24, 12.189)
      ( 8,  1, 16.720)
      ( 8, 10, 83.713)
      ( 8, 11, 79.289)
      ( 8, 13, 69.613)
      ( 8, 14, 86.725)
      ( 8, 15, -5.027)
      ( 8, 16,  4.028)
      ( 8, 22, 67.023)
      ( 9,  7, 73.691)
      ( 9, 13,  7.312)
      ( 9, 22, 20.087)
      ( 9, 23, 46.065)
      ( 9, 24, 21.916)
      (10,  4, 83.037)
      (10,  6, 41.774)
      (10,  7, 35.526)
      (10, 11, 53.318)
      (10, 18, 46.863)
      (10, 24, 10.382)
      (11,  0, 53.432)
      (11,  2, 89.194)
      (11, 12, 72.132)
      (11, 20, -0.475)
      (11, 22,  0.864)
      (11, 23, 34.982)
      (12,  0,  8.193)
      (12,  6,  2.212)
      (13,  1, 65.307)
      (13,  4, 46.962)
      (13, 10, -0.759)
      (13, 12, -8.542)
      (13, 15, 38.628)
      (13, 16, 56.566)
      (13, 17, -6.320)
      (13, 18, 44.796)
      (14,  0, -18.321)
      (14, 11, 23.542)
      (14, 12, -1.051)
      (14, 16,  3.660)
      (14, 18, 23.773)
      (14, 22, 58.119)
      (14, 24, 36.149)
      (15,  6, 13.440)
      (15,  7, -16.132)
      (15, 11,  5.804)
      (15, 12, 77.438)
      (15, 17, 90.387)
      (15, 18,  1.936)
      (15, 23,  8.223)
      (16,  1, 61.784)
      (16,  4, 67.091)
      (16,  7, 10.982)
      (17, 11, 72.673)
      (18,  6,  1.771)
      (18,  7, 36.679)
      (18, 13, 90.084)
      (18, 20, 67.646)
      (19,  0, 18.978)
      (19,  1, 15.024)
      (19,  2, 55.935)
      (19,  4, 16.985)
      (19,  5, 14.428)
      (19,  7, -1.735)
      (19,  9,  7.413)
      (19, 10, -0.253)
      (19, 17, 70.989)
      (19, 21, 46.749)
      (20, 17, 66.953)
      (21,  5, 89.270)
      (21,  6, 48.386)
      (21, 13, 11.976)
      (21, 22, 61.424)
      (21, 23, 86.160)
      (22,  5, 18.603)
      (22,  6, 97.017)
      (22, 12, 14.149)
      (22, 15, 63.653)
      (23,  0, 47.667)
      (23,  5, 39.362)
      (23, 14, 46.916)
      (23, 17, 51.674)
      (24,  2, 25.513)
      (24,  7, 11.704) }
------------------------- 

** G6: |V|=25, V={0,1,...24}
(u, v, weight) E = { 
      ( 0,  2, 54.953)
      ( 0,  9,  8.675)
      ( 0, 11, 20.295)
      ( 0, 15,  6.257)
      ( 1,  4, 93.480)
      ( 1,  6, 41.907)
      ( 1, 16, 42.963)
      ( 1, 17, 45.420)
      ( 1, 18, 53.469)
      ( 1, 21, 30.862)
      ( 1, 23, 51.990)
      ( 2,  9, 21.185)
      ( 2, 12,  0.152)
      ( 2, 14, 59.353)
      ( 2, 20, 96.339)
      ( 3,  0, 98.750)
      ( 3,  1, 58.243)
      ( 3,  9, 28.637)
      ( 3, 18, 38.783)
      ( 3, 19, 20.577)
      ( 4,  9, 18.564)
      ( 4, 11, 83.896)
      ( 4, 13,  3.696)
      ( 4, 15, 88.739)
      ( 4, 22, 26.212)
      ( 5,  0, 63.659)
      ( 5,  6,  2.335)
      ( 5, 18, 65.801)
      ( 5, 22, 70.819)
      ( 6,  4, 82.558)
      ( 6,  7,  6.401)
      ( 6,  9, 31.274)
      ( 6, 18, 30.897)
      ( 6, 22, 28.916)
      ( 7,  2, 34.365)
      ( 7,  3, 13.594)
      ( 7,  4, 34.926)
      ( 7,  5, 38.142)
      ( 7, 11, 66.800)
      ( 7, 15, 38.086)
      ( 8,  4, 31.525)
      ( 8,  6, 85.383)
      ( 8, 10, 62.393)
      ( 8, 15,  4.063)
      ( 8, 16, 74.638)
      ( 8, 18, 29.099)
      ( 9,  7, 32.522)
      ( 9, 10, 40.893)
      ( 9, 13, 18.536)
      ( 9, 23, 65.221)
      (10,  8, 52.975)
      (10,  9, 91.844)
      (10, 13, 55.856)
      (10, 18, 46.759)
      (10, 19, 88.859)
      (10, 21, 70.276)
      (10, 22, 70.474)
      (12,  0, 13.088)
      (12,  2, 23.308)
      (12,  8,  1.052)
      (12,  9, 94.695)
      (13, 21, 13.408)
      (13, 22, 64.473)
      (14,  1, 43.643)
      (14,  7, 78.275)
      (14,  8, 33.413)
      (14, 13, 66.424)
      (14, 20, 35.949)
      (15,  4, 10.845)
      (15,  8, 37.599)
      (15, 11, 38.155)
      (15, 19, 32.036)
      (15, 21, 50.110)
      (15, 22, 30.644)
      (16,  0, 37.174)
      (16,  4, 71.114)
      (16, 10, 87.952)
      (16, 11, 34.286)
      (17,  5, 85.665)
      (17, 18, 29.770)
      (17, 24, 47.896)
      (18,  2, 40.176)
      (18,  9, 61.449)
      (18, 17, 29.676)
      (18, 19, 55.387)
      (18, 21, 55.264)
      (19,  4, 55.303)
      (19,  5, 41.467)
      (19, 21, 64.568)
      (20,  0, 71.947)
      (20,  5, 83.992)
      (20,  8, 89.462)
      (20, 10, 98.383)
      (20, 21, 20.616)
      (20, 22, 33.766)
      (20, 24, 14.095)
      (21,  3, 72.088)
      (21, 10, 44.090)
      (21, 22, 27.646)
      (22,  7, 46.903)
      (22, 13, 85.639)
      (22, 23, 71.747)
      (23,  0, 58.686)
      (23,  1, 35.020)
      (23,  4, 14.781)
      (23,  7, 76.872)
      (23,  9, 82.620)
      (23, 16, 91.839)
      (24,  4, 37.646)
      (24,  6, 10.964)
      (24,  7, 41.376)
      (24,  8, 15.285)
      (24, 10, 76.051)
      (24, 14, 35.470)
      (24, 18, 55.355)
      (24, 23, 64.868) }
------------------------- 

** G7: |V|=30, V={0,1,...29}
(u, v, weight) E = { 
      ( 0,  7, 84.828)
      ( 0,  9, -2.094)
      ( 0, 12, 52.308)
      ( 0, 15, 28.395)
      ( 0, 16, 72.832)
      ( 0, 17, 74.190)
      ( 0, 18, -4.782)
      ( 0, 24, 83.767)
      ( 1, 15, 18.078)
      ( 1, 18, -10.116)
      ( 1, 23, 87.239)
      ( 1, 27, 62.519)
      ( 2,  0, 83.401)
      ( 2, 10, 74.945)
      ( 2, 22, 27.080)
      ( 2, 23, 71.876)
      ( 2, 25, 18.999)
      ( 2, 26, 50.404)
      ( 2, 27, 46.434)
      ( 3,  0,  3.632)
      ( 3,  5, 81.518)
      ( 3, 11,  5.041)
      ( 3, 13, 71.019)
      ( 3, 14, 71.223)
      ( 3, 24, 35.471)
      ( 3, 25, 50.489)
      ( 3, 29, 74.541)
      ( 4,  0, 72.898)
      ( 4,  8, 29.442)
      ( 4, 14, 39.940)
      ( 4, 21, 21.259)
      ( 4, 28, 70.338)
      ( 5,  8,  0.806)
      ( 5, 14, 30.436)
      ( 5, 22, -10.156)
      ( 6,  4, 43.407)
      ( 6, 22, 30.449)
      ( 7,  1, 31.933)
      ( 7,  4,  3.208)
      ( 7,  6, 25.180)
      ( 8,  0, 79.630)
      ( 8,  1, 50.749)
      ( 8,  5, 75.619)
      ( 8,  6, 51.176)
      ( 8, 23, 81.675)
      ( 8, 25, 42.118)
      ( 8, 26, 29.974)
      ( 9,  4, 20.700)
      ( 9, 13, 60.336)
      ( 9, 14,  2.923)
      ( 9, 17, 62.871)
      ( 9, 22, 36.064)
      (10,  0, 82.474)
      (10,  2, 29.196)
      (10, 22, 29.638)
      (10, 28, 69.052)
      (11,  6, 31.556)
      (11,  8, 31.796)
      (11, 17,  6.630)
      (11, 26, 79.453)
      (12, 16, 36.827)
      (12, 18, 10.308)
      (12, 29, 31.636)
      (13,  2, 17.699)
      (13, 17, 12.647)
      (13, 23, 48.071)
      (13, 25, 64.626)
      (14,  5,  0.418)
      (14, 18, 68.616)
      (14, 19,  5.907)
      (14, 20, 50.546)
      (14, 27, 86.373)
      (14, 29, 90.155)
      (15,  8, 12.015)
      (15, 21, 27.948)
      (15, 22, 77.198)
      (15, 23, -6.596)
      (15, 29, 49.581)
      (16,  4, 17.522)
      (16,  5,  7.495)
      (16,  6, 33.545)
      (16, 19, 40.636)
      (16, 22, -10.211)
      (16, 25,  8.441)
      (16, 27, -9.817)
      (16, 28, 77.739)
      (17,  2, 57.484)
      (17, 15, -5.244)
      (17, 22, 43.573)
      (17, 29, 12.283)
      (18,  0, -15.955)
      (18,  9, 93.478)
      (18, 11, 70.803)
      (18, 23, 58.326)
      (19,  3, 67.829)
      (19,  8, 62.322)
      (19,  9,  9.263)
      (19, 10, 63.359)
      (19, 11, 43.785)
      (19, 16, 34.148)
      (19, 21, 26.505)
      (19, 22, 77.985)
      (20,  2, 47.941)
      (20,  7, 60.878)
      (20, 17, 59.674)
      (20, 19, 41.558)
      (21,  8, 62.717)
      (21, 11, 41.850)
      (21, 17, 24.021)
      (21, 22, 22.269)
      (22,  5, 50.081)
      (22, 25, 17.965)
      (23,  0, 40.190)
      (23,  3, 77.132)
      (23,  6, 81.652)
      (23, 20, 28.496)
      (23, 28, 42.323)
      (24,  2, 63.121)
      (24,  4, 59.781)
      (24,  8, 27.030)
      (24, 20, 30.406)
      (24, 21, 11.351)
      (24, 23, 35.475)
      (24, 28, 64.106)
      (25,  0,  0.837)
      (25,  1, 20.237)
      (25,  6, 87.094)
      (25, 10, 31.169)
      (25, 11, 62.807)
      (25, 13, 28.308)
      (25, 18, 15.647)
      (25, 20, 51.168)
      (25, 27,  7.851)
      (26,  2, 73.179)
      (26,  4, 31.223)
      (26,  9, 78.848)
      (26, 13, 74.286)
      (26, 16, 76.675)
      (26, 23,  8.710)
      (26, 25, 51.264)
      (27, 15, 26.521)
      (27, 19, 11.382)
      (27, 28, 20.642)
      (28,  3, -9.462)
      (28, 21, 15.625)
      (28, 25, 31.604)
      (28, 27, 52.490)
      (29,  0, 45.665)
      (29,  8, 77.744)
      (29, 15, 24.267)
      (29, 17, 75.203)
      (29, 25, -10.879) }
------------------------- 

** G8: |V|=30, V={0,1,...29}
(u, v, weight) E = { 
      ( 0,  2, 21.770)
      ( 0,  6, 38.940)
      ( 0, 11, 37.521)
      ( 0, 13, 18.938)
      ( 0, 15, 41.689)
      ( 1,  2, 84.791)
      ( 1,  6, 50.398)
      ( 1,  8, 79.269)
      ( 1,  9, 90.033)
      ( 1, 19, 16.841)
      ( 2,  0, 63.331)
      ( 2,  5, 42.830)
      ( 2, 19, 42.332)
      ( 3,  1, 99.598)
      ( 3,  4, 16.335)
      ( 3,  8, 57.693)
      ( 3,  9, 60.004)
      ( 3, 15, 85.318)
      ( 3, 25, 33.714)
      ( 4,  0, 80.297)
      ( 4,  1, 86.145)
      ( 4,  6,  7.298)
      ( 4, 11, 34.731)
      ( 4, 27, 22.768)
      ( 4, 28, 49.983)
      ( 5,  6,  9.864)
      ( 5,  9, 34.784)
      ( 5, 10, 66.705)
      ( 6,  0, 59.972)
      ( 6,  2, 51.389)
      ( 6,  3, 86.590)
      ( 6, 17, 49.468)
      ( 6, 20, 53.499)
      ( 7,  0, 79.243)
      ( 7,  1, 54.077)
      ( 7,  2, 70.432)
      ( 7,  3, 59.523)
      ( 7,  5, 49.445)
      ( 7,  8, 79.176)
      ( 7,  9,  6.287)
      ( 7, 13, 62.161)
      ( 7, 14, 50.576)
      ( 7, 15, 36.103)
      ( 7, 23, 27.820)
      ( 7, 24, 71.875)
      ( 7, 28, 54.344)
      ( 8,  1, 53.288)
      ( 8,  2, 12.447)
      ( 8,  3, 97.547)
      ( 8,  7, 48.948)
      ( 8,  9, 94.937)
      ( 8, 15, 46.847)
      ( 8, 26, 76.196)
      ( 8, 27, 67.396)
      ( 9,  4, 46.864)
      ( 9,  8, 49.054)
      ( 9, 11, 23.969)
      ( 9, 12, 35.501)
      ( 9, 13,  7.506)
      ( 9, 21, 74.633)
      ( 9, 29, 88.753)
      (10,  8, 53.736)
      (10, 13, 20.403)
      (10, 15,  1.238)
      (10, 16, 85.489)
      (10, 19, 63.416)
      (10, 25, 39.278)
      (11,  6, 30.192)
      (11,  9, 77.607)
      (11, 10, 59.302)
      (11, 14, 50.416)
      (11, 16, 20.079)
      (11, 17, 78.444)
      (11, 19, 69.109)
      (11, 24, 49.781)
      (11, 25, 51.334)
      (12, 11, 52.997)
      (12, 22, 91.509)
      (12, 26, 95.476)
      (12, 29, 78.825)
      (13,  1, 48.479)
      (13,  2, 95.630)
      (13, 19, 70.374)
      (13, 26,  7.378)
      (14,  5,  0.803)
      (14,  8, 44.618)
      (14,  9, 37.102)
      (14, 13, 86.123)
      (14, 22, 17.209)
      (14, 23, 68.288)
      (14, 24, 15.635)
      (14, 25, 55.711)
      (15, 13, 77.060)
      (16,  3, 69.646)
      (16,  4, 39.395)
      (16,  8, 90.649)
      (16,  9, 53.069)
      (16, 14,  4.530)
      (16, 18, 22.080)
      (16, 21, 99.662)
      (16, 22, 51.656)
      (17,  0,  8.949)
      (17,  4, 37.938)
      (17,  6, 45.997)
      (17,  7, 75.801)
      (17, 14,  0.041)
      (18, 19, 94.452)
      (18, 26, 12.313)
      (18, 28, 35.423)
      (19,  0, 29.667)
      (19, 11, 14.114)
      (19, 13, 37.177)
      (19, 18, 20.096)
      (19, 28,  2.410)
      (20, 11, 92.654)
      (20, 12, 63.689)
      (20, 16, 33.555)
      (20, 18, 86.754)
      (20, 23, 12.175)
      (20, 24, 94.231)
      (20, 28, 80.410)
      (21,  1, 15.072)
      (21,  3, 48.436)
      (21, 15, 17.814)
      (21, 22, 65.742)
      (21, 24, 77.785)
      (21, 25, 13.020)
      (21, 29, 76.346)
      (22, 26, 49.680)
      (23,  0, 96.743)
      (23,  3, 98.173)
      (23,  4, 74.401)
      (23, 10, 99.385)
      (24,  4, 97.353)
      (24, 23, 20.716)
      (24, 26, 25.234)
      (25,  4, 51.360)
      (25, 12, 49.098)
      (25, 16, 17.260)
      (25, 28, 21.325)
      (26,  0, 28.660)
      (26,  3, 49.656)
      (26,  8, 46.104)
      (26, 12, 96.883)
      (26, 15, 55.085)
      (26, 20, 26.698)
      (26, 28, 59.527)
      (27,  2, 80.060)
      (27,  3, 38.496)
      (27,  6, 53.626)
      (27,  7, 57.933)
      (27, 13, 86.170)
      (27, 14, 11.674)
      (27, 23, 36.349)
      (27, 26, 53.694)
      (27, 28, 42.045)
      (27, 29, 67.965)
      (28,  4, 37.217)
      (28,  5, 34.190)
      (28, 12, 56.348)
      (28, 13, 74.422)
      (28, 15, 42.051)
      (28, 17, 16.560)
      (28, 18, 89.441)
      (28, 20, 35.045)
      (29,  1,  9.230)
      (29,  7, 37.088)
      (29,  9, 79.685)
      (29, 16, 63.398)
      (29, 23, 45.129)
      (29, 27, 16.743) }
------------------------- 

** G9: |V|=35, V={0,1,...34}
(u, v, weight) E = { 
      ( 0,  3, 49.148)
      ( 0,  7, 63.803)
      ( 1, 15, -11.517)
      ( 1, 28,  2.694)
      ( 1, 34, 72.320)
      ( 2, 20,  0.684)
      ( 2, 27, 74.653)
      ( 3, 21, 79.565)
      ( 4,  0,  6.639)
      ( 4, 20,  2.481)
      ( 4, 27, 48.024)
      ( 5,  2, 49.348)
      ( 5,  4, 29.867)
      ( 5,  9, 41.598)
      ( 5, 10, 83.608)
      ( 5, 22, 66.927)
      ( 5, 25, 14.947)
      ( 5, 32, 72.702)
      ( 6,  1, 40.066)
      ( 6,  7, 44.564)
      ( 6, 26, 52.861)
      ( 7,  0, -0.101)
      ( 7,  6, 76.055)
      ( 7, 14, 23.730)
      ( 7, 21, 72.825)
      ( 8,  4, 53.759)
      ( 8, 22, 90.718)
      ( 8, 29,  5.948)
      ( 9,  0, 35.857)
      ( 9, 31, 84.485)
      ( 9, 33, 16.467)
      (10,  9, -5.938)
      (10, 33,  6.459)
      (11, 19, 73.433)
      (11, 20,  3.191)
      (12, 23, 71.670)
      (12, 34, -6.067)
      (13,  2, -17.493)
      (13,  3, 52.316)
      (13, 12, 64.438)
      (13, 17, 57.941)
      (13, 20, 60.675)
      (14, 33, 20.362)
      (15, 27, -0.286)
      (15, 31, 32.749)
      (15, 34, 94.800)
      (16, 12, 34.246)
      (16, 26, 94.223)
      (17,  6, 74.275)
      (17,  7, 26.215)
      (17, 15, 30.266)
      (17, 27, 58.429)
      (17, 31, 15.050)
      (18,  8,  3.155)
      (18, 11,  0.217)
      (18, 16, 86.543)
      (18, 19, 36.012)
      (19,  1, 47.478)
      (19, 26, 52.294)
      (20, 25, -7.287)
      (20, 34, 52.728)
      (21,  7, 76.597)
      (21, 14, 92.757)
      (21, 27,  6.076)
      (21, 31, 37.757)
      (22, 18, 66.468)
      (22, 26, 65.845)
      (23,  8, 47.372)
      (23, 10, 48.989)
      (23, 29, 62.400)
      (24,  9, 23.919)
      (25, 12, 87.891)
      (25, 18, 67.033)
      (25, 24, 24.012)
      (25, 34, 83.172)
      (26, 10,  5.412)
      (26, 24,  3.531)
      (26, 33, 56.712)
      (27,  1, 42.775)
      (27, 31, -18.795)
      (28,  7, 56.178)
      (28, 12, 63.513)
      (28, 18, 92.503)
      (28, 24,  9.305)
      (29, 10, 73.712)
      (29, 13, 22.309)
      (29, 14, 13.086)
      (29, 16, 46.422)
      (29, 20, -16.750)
      (29, 31, 75.300)
      (29, 33, 52.021)
      (30,  0, 67.941)
      (30,  2, 30.070)
      (30, 17, 70.394)
      (30, 21, 43.503)
      (31, 13, 84.497)
      (32,  1, 31.459)
      (32,  2, 17.076)
      (32, 11, 58.087)
      (32, 30, -6.374)
      (33,  6,  7.345)
      (33, 10, 52.073)
      (33, 26, 38.002)
      (33, 30, 63.852)
      (34,  1, -13.264)
      (34, 19, 25.124) }
------------------------- 

** G10: |V|=35, V={0,1,...34}
(u, v, weight) E = { 
      ( 0, 22, 66.906)
      ( 0, 31, 19.939)
      ( 0, 34, 40.779)
      ( 1,  4, 40.519)
      ( 1, 14,  6.263)
      ( 1, 22, -3.778)
      ( 1, 27, 62.110)
      ( 1, 28, 76.596)
      ( 2,  6, 25.256)
      ( 2,  8, -2.669)
      ( 2, 16, 82.237)
      ( 2, 22, 24.099)
      ( 2, 31, 33.592)
      ( 2, 34, 19.541)
      ( 3,  7, -5.883)
      ( 3, 14, 65.955)
      ( 3, 20, 77.119)
      ( 3, 25, 49.747)
      ( 4,  8, 48.021)
      ( 4, 12, 54.182)
      ( 4, 13, 40.249)
      ( 5, 24, -15.648)
      ( 5, 29, 45.382)
      ( 5, 34, 72.153)
      ( 6,  1, 60.260)
      ( 6, 11, 43.633)
      ( 7, 11, 30.663)
      ( 7, 15, 12.439)
      ( 7, 28, 70.484)
      ( 7, 32, 51.078)
      ( 8, 10, 85.356)
      ( 8, 13,  1.826)
      ( 8, 22, 61.668)
      ( 9,  5, 17.699)
      ( 9,  8, 51.263)
      ( 9, 20, 10.957)
      ( 9, 22, -1.834)
      ( 9, 29, 54.510)
      (10,  1, -15.352)
      (10, 22, 32.949)
      (10, 29,  3.097)
      (10, 34, 37.202)
      (11, 10, 32.229)
      (11, 13, -1.660)
      (11, 15, 29.031)
      (11, 27, 38.042)
      (11, 31, 83.884)
      (12, 11, 21.701)
      (12, 25,  6.343)
      (12, 30,  9.829)
      (13,  2, 44.645)
      (13,  7, 78.570)
      (13, 10,  4.285)
      (13, 23, -13.984)
      (13, 26, 13.397)
      (13, 30, 77.514)
      (14,  8, 48.097)
      (14, 15,  3.940)
      (14, 34, -3.663)
      (15, 13, 44.881)
      (15, 25, 54.225)
      (15, 32,  3.213)
      (16,  6, 26.356)
      (16, 12, 37.208)
      (16, 13, 15.654)
      (17,  5,  1.473)
      (17, 13, 39.795)
      (17, 16, 66.162)
      (17, 23,  4.411)
      (18,  8, 29.953)
      (18,  9,  5.913)
      (18, 17, -0.081)
      (19, 11, 63.779)
      (19, 30, 60.375)
      (20,  1, -1.569)
      (20, 11, 48.113)
      (20, 18,  4.941)
      (21, 24, 43.253)
      (22,  1, 66.956)
      (22,  5,  9.284)
      (22, 21, 37.331)
      (23,  5, 47.566)
      (23, 18, -6.431)
      (23, 26, 25.153)
      (24,  9, 73.473)
      (24, 15, 22.216)
      (24, 18, 86.810)
      (24, 21, -13.259)
      (24, 22, 33.398)
      (25, 15, -16.071)
      (25, 23, 30.712)
      (26,  4, 49.114)
      (26, 11, -5.682)
      (26, 13, -3.864)
      (26, 33, 60.858)
      (27,  7, 76.262)
      (27, 10, -12.822)
      (27, 17, 68.934)
      (27, 19, -13.819)
      (27, 21, -1.099)
      (27, 22, 65.127)
      (27, 30,  4.133)
      (28,  4, 59.053)
      (28, 24, 35.886)
      (29,  0, 35.683)
      (29,  5, 13.106)
      (29, 15, 27.478)
      (29, 27, 53.282)
      (30,  1, 32.237)
      (30, 16, 20.639)
      (30, 31, -8.320)
      (31,  1, -0.387)
      (31,  8, -11.298)
      (31, 23,  3.987)
      (31, 33, -1.691)
      (32,  4, 70.452)
      (32,  8, 26.002)
      (32, 16, 24.714)
      (32, 19, -2.381)
      (33,  0, 12.230)
      (33,  2, 50.106)
      (33,  5, 15.899)
      (33, 24, 65.663)
      (33, 28, 21.917)
      (33, 29, 15.637)
      (34, 24, 10.465) }
------------------------- 

** G11: |V|=40, V={0,1,...39}
(u, v, weight) E = { 
      ( 0, 14, 65.749)
      ( 0, 17, 25.615)
      ( 0, 36, 69.818)
      ( 1,  8, 56.774)
      ( 1, 17, 10.073)
      ( 1, 19,  0.025)
      ( 1, 21, 12.751)
      ( 1, 23, 83.032)
      ( 1, 25, 44.009)
      ( 1, 27, 26.839)
      ( 1, 28, 15.882)
      ( 1, 31, 49.241)
      ( 2,  1, 22.215)
      ( 2,  6, 56.787)
      ( 2, 11, 93.541)
      ( 2, 32, 36.828)
      ( 3,  7, 70.487)
      ( 3,  8, 33.484)
      ( 3, 19, 16.762)
      ( 3, 34, 61.183)
      ( 3, 35, 87.460)
      ( 3, 36, 54.610)
      ( 4,  1, 29.600)
      ( 4, 13, 97.096)
      ( 4, 14, 87.983)
      ( 4, 36, 52.531)
      ( 5,  8, 83.648)
      ( 6,  9, 73.354)
      ( 6, 14,  3.276)
      ( 6, 28, 89.881)
      ( 6, 30, 69.185)
      ( 7,  2, 44.840)
      ( 7,  3,  8.265)
      ( 7, 10, 31.856)
      ( 7, 19, 51.104)
      ( 7, 20, 56.698)
      ( 7, 32, 98.976)
      ( 8, 16, 17.679)
      ( 9, 14, 19.424)
      (10,  9, 97.612)
      (10, 13, 47.342)
      (10, 32, 64.563)
      (11,  5, 57.515)
      (11,  6, 33.787)
      (11, 17, 48.333)
      (11, 18, 83.963)
      (11, 30, 11.865)
      (11, 34, 91.007)
      (11, 38, 74.440)
      (12, 11, 74.623)
      (12, 14, 78.231)
      (12, 27, 18.321)
      (12, 28, 53.703)
      (13,  6,  8.869)
      (13,  8, 23.568)
      (13, 12, 87.365)
      (13, 20, 46.434)
      (13, 23, 34.279)
      (13, 31, 39.251)
      (13, 39, 65.856)
      (14,  2, 83.460)
      (14, 27, 84.872)
      (15,  1, 44.023)
      (15, 24, 99.722)
      (15, 39, 93.577)
      (16,  1,  2.884)
      (16, 10, 22.986)
      (16, 13, 65.766)
      (17,  7, 27.122)
      (17, 11, 11.814)
      (17, 13, 93.598)
      (17, 22,  9.002)
      (17, 26, 40.053)
      (17, 29, 68.700)
      (18,  2, 54.947)
      (18, 19,  6.858)
      (18, 23, 15.343)
      (18, 39, 63.639)
      (19,  8, 37.529)
      (19, 10,  6.653)
      (19, 11, 15.988)
      (19, 23, 56.478)
      (19, 26, 27.657)
      (19, 33, 87.477)
      (19, 38, 44.171)
      (20,  9, 20.844)
      (20, 11, 32.995)
      (20, 33, 69.320)
      (21,  4, 50.297)
      (21,  6, 51.818)
      (21, 12, 66.325)
      (21, 32, 56.038)
      (22, 17, 43.498)
      (22, 27, 63.082)
      (23, 15,  6.730)
      (23, 24, 88.639)
      (24,  7, 62.486)
      (24, 10, 11.554)
      (24, 31, 72.687)
      (24, 37,  0.086)
      (25,  0, 22.909)
      (25,  1, 25.461)
      (25, 19, 43.632)
      (26, 17, 88.590)
      (26, 22, 68.228)
      (27,  4,  3.979)
      (27,  5,  0.351)
      (27, 20, 15.191)
      (27, 28, 37.616)
      (28,  1, 87.718)
      (28,  2, 44.648)
      (28, 14, 46.981)
      (28, 21, 91.109)
      (28, 24, 22.763)
      (28, 39, 69.957)
      (29,  2, 49.938)
      (29, 12, 34.876)
      (29, 14, 49.908)
      (29, 32, 30.111)
      (29, 38, 47.213)
      (30,  4, 67.716)
      (30,  5, 49.024)
      (30, 12, 74.294)
      (30, 16, 63.300)
      (30, 19,  0.046)
      (31,  0,  4.553)
      (31,  4, 25.285)
      (31, 18, 90.850)
      (31, 35, 22.269)
      (32,  6, 38.509)
      (32,  7, 14.597)
      (32,  9, 13.270)
      (32, 11, 83.269)
      (32, 28, 26.455)
      (33,  6, 88.894)
      (33,  7, 39.388)
      (33,  9, 37.235)
      (33, 11, 68.039)
      (33, 14, 72.202)
      (33, 19, 68.793)
      (33, 23,  6.673)
      (33, 37, 96.698)
      (34,  8, 66.005)
      (34, 28,  5.802)
      (34, 30, 75.183)
      (34, 36, 45.659)
      (35, 15, 59.341)
      (35, 32, 63.170)
      (35, 38, 25.634)
      (36, 12, 40.805)
      (36, 13, 85.163)
      (36, 27, 84.766)
      (36, 35, 29.274)
      (36, 38, 27.416)
      (37,  0,  4.914)
      (37,  7, 34.328)
      (37, 25, 88.268)
      (37, 27, 86.265)
      (37, 35, 37.416)
      (38,  7, 98.350)
      (38, 10, 45.038)
      (38, 16, 80.819)
      (38, 20, 64.140)
      (38, 25, 35.248)
      (38, 30, 51.419)
      (38, 37, 27.582)
      (39,  1,  0.897)
      (39,  2, 38.049)
      (39,  3, 82.859)
      (39,  5, 62.828)
      (39, 14, 46.151)
      (39, 19, 26.520)
      (39, 31, 24.153)
      (39, 37, 59.991) }
------------------------- 

** G12: |V|=40, V={0,1,...39}
(u, v, weight) E = { 
      ( 0,  3, 25.655)
      ( 0, 18, 87.915)
      ( 0, 30, 26.635)
      ( 1, 13,  6.001)
      ( 1, 30, 45.465)
      ( 1, 37, 96.842)
      ( 1, 38, 28.997)
      ( 2, 16, 14.154)
      ( 2, 21, 54.670)
      ( 2, 22, 65.368)
      ( 3, 20, 65.397)
      ( 3, 24, 84.342)
      ( 3, 29, 80.130)
      ( 3, 34, 17.919)
      ( 3, 35, 38.948)
      ( 3, 36,  2.429)
      ( 3, 37, 85.999)
      ( 4,  2, 58.079)
      ( 4,  5, 92.045)
      ( 4, 22, 32.147)
      ( 4, 26, 58.479)
      ( 4, 31, 69.717)
      ( 4, 34, 78.791)
      ( 5,  4,  4.386)
      ( 5, 10, 77.307)
      ( 5, 12, 41.496)
      ( 5, 22,  6.132)
      ( 5, 28, 84.060)
      ( 5, 32, 46.224)
      ( 6, 10, 98.382)
      ( 6, 16, 93.943)
      ( 6, 19,  2.970)
      ( 6, 20, 10.019)
      ( 6, 34, 69.948)
      ( 7,  3, 42.390)
      ( 7,  4, 82.390)
      ( 7, 35, 53.378)
      ( 8,  7, 63.640)
      ( 8, 16, 28.054)
      ( 9, 14, 57.684)
      ( 9, 25, 12.750)
      ( 9, 34, 78.554)
      ( 9, 36, 53.993)
      (10,  5, 32.349)
      (10, 25, 12.731)
      (10, 38, 63.610)
      (11,  2, 94.531)
      (11,  3, 49.307)
      (11,  4,  1.976)
      (11, 18, 73.211)
      (12,  5, 48.336)
      (12, 14, 36.455)
      (12, 26,  9.331)
      (12, 28, 92.507)
      (13,  2, 40.899)
      (13,  3, 31.311)
      (13, 10, 22.884)
      (13, 14, 26.842)
      (13, 16, 97.821)
      (13, 22, 83.719)
      (14, 19,  4.088)
      (14, 28, 11.284)
      (15,  1, 16.005)
      (15, 11, 20.747)
      (15, 17, 51.913)
      (15, 20, 96.862)
      (15, 31, 20.821)
      (15, 39, 74.303)
      (16, 11, 90.739)
      (16, 33, 87.485)
      (16, 35,  8.179)
      (17,  4, 65.083)
      (17, 26, 15.314)
      (17, 31, 98.701)
      (17, 32, 34.645)
      (17, 35, 58.468)
      (17, 38, 99.458)
      (18,  2, 65.634)
      (18, 39, 70.851)
      (19, 32,  3.239)
      (19, 33, 70.731)
      (19, 38, 54.007)
      (20, 36,  7.343)
      (20, 39, 45.385)
      (21,  1, 37.328)
      (21,  3, 73.520)
      (21,  6, 80.083)
      (21, 18, 68.175)
      (21, 32, 70.627)
      (21, 38, 92.046)
      (22, 27, 82.540)
      (22, 37, 19.353)
      (22, 38, 49.016)
      (23,  2, 95.415)
      (23, 14, 84.500)
      (23, 16, 62.391)
      (23, 25, 71.356)
      (23, 27, 16.686)
      (23, 35, 43.805)
      (24, 11, 98.739)
      (24, 14, 39.143)
      (24, 20, 70.565)
      (24, 23, 93.957)
      (24, 26, 96.216)
      (24, 30,  7.905)
      (24, 31, 98.794)
      (24, 38,  0.396)
      (25,  6, 87.605)
      (25,  7, 98.125)
      (25, 19, 67.008)
      (25, 38, 43.528)
      (25, 39, 93.221)
      (26,  7, 40.543)
      (26, 38, 14.839)
      (27, 21, 23.913)
      (27, 25, 46.782)
      (28,  1,  0.950)
      (28,  6, 48.162)
      (28, 13, 56.033)
      (28, 36, 29.354)
      (29,  1, 68.765)
      (29, 23, 18.622)
      (29, 33, 76.846)
      (29, 36, 29.065)
      (30, 26, 18.920)
      (32, 17, 60.707)
      (32, 18, 69.711)
      (32, 21,  9.376)
      (32, 26, 61.903)
      (32, 37, 41.937)
      (33,  0, 46.860)
      (33, 16,  7.950)
      (33, 18, 99.000)
      (33, 20, 12.870)
      (33, 36, 52.752)
      (33, 37, 34.968)
      (34, 24, 51.004)
      (34, 39, 28.294)
      (35,  2, 66.242)
      (35, 17, 73.808)
      (35, 21, 94.573)
      (35, 32, 60.992)
      (36, 16,  9.931)
      (36, 25, 74.211)
      (36, 27, 38.606)
      (37,  7, 81.671)
      (37, 10, 56.500)
      (37, 12, 15.783)
      (37, 20, 80.424)
      (37, 28, 20.932)
      (37, 30, 62.406)
      (37, 31, 66.026)
      (37, 32, 31.662)
      (37, 38, 84.558)
      (38, 34, 68.126)
      (39,  7, 94.090)
      (39, 27, 64.087)
      (39, 32, 26.014) }
------------------------- 

** G13: |V|=45, V={0,1,...44}
(u, v, weight) E = { 
      ( 0,  7, 12.101)
      ( 0,  8, 27.029)
      ( 0, 22, 80.049)
      ( 4, 37, -16.060)
      ( 5, 16, 68.043)
      ( 5, 42, 54.946)
      ( 7,  6, 53.673)
      ( 7, 23, 36.985)
      ( 7, 28, 48.298)
      ( 7, 31, 36.648)
      ( 8,  4, 39.331)
      ( 8, 20, 66.966)
      (11,  4, 15.101)
      (16,  0, -9.015)
      (17, 11, 60.447)
      (19, 35, 83.906)
      (20, 11, 41.792)
      (20, 25,  2.486)
      (22, 32, 27.820)
      (23, 18, 18.572)
      (25, 39,  1.012)
      (25, 41,  9.054)
      (28, 17, -4.648)
      (32, 11, 51.726)
      (32, 27, 15.234)
      (33, 29, 12.706)
      (33, 34, 48.317)
      (34, 35, 67.444)
      (36, 10, -12.218)
      (37, 44, 18.162)
      (39, 16, 79.907)
      (40, 18, 24.895)
      (42, 11, 70.118)
      (44, 32, 16.084)
      (44, 40, 79.288) }
------------------------- 

** G14: |V|=45, V={0,1,...44}
(u, v, weight) E = { 
      ( 0,  1,  3.781)
      ( 0,  2, 92.823)
      ( 0,  4, 59.875)
      ( 1,  3, 46.917)
      ( 1,  5, 92.610)
      ( 1,  8,  8.823)
      ( 1, 16, 33.251)
      ( 2,  6, 33.193)
      ( 2, 40, 16.588)
      ( 3,  7, 82.713)
      ( 3, 11, 65.719)
      ( 3, 13, 48.242)
      ( 4, 23, 32.714)
      ( 5,  9, 45.282)
      ( 6, 14, 94.804)
      ( 6, 18, 79.722)
      ( 8, 15, 73.858)
      ( 9, 10, 53.773)
      ( 9, 12, 12.601)
      ( 9, 20, 76.204)
      ( 9, 33, 26.192)
      (10,  2, 13.364)
      (11, 21, 73.092)
      (12, 20, 41.623)
      (13, 24, 28.934)
      (14, 13, 51.232)
      (14, 29, 86.533)
      (15,  9, 69.556)
      (15, 27,  7.258)
      (15, 28, 48.476)
      (15, 35, 88.168)
      (15, 37, 65.142)
      (16, 17, 46.866)
      (16, 19,  7.167)
      (16, 44, 34.383)
      (17,  1,  9.815)
      (17, 25, 21.665)
      (17, 26, -7.318)
      (19, 12, -18.615)
      (21, 22,  3.666)
      (22, 20, 52.860)
      (23, 24, -1.911)
      (23, 34, 20.041)
      (23, 43, 77.951)
      (24, 36,  9.242)
      (25,  7, 34.675)
      (25, 34, 33.124)
      (27, 35, 37.549)
      (28, 29, 55.942)
      (29,  8, 32.173)
      (29, 30,  1.816)
      (29, 32, 67.337)
      (31,  2, 22.099)
      (31,  7, 73.454)
      (31, 34, 47.111)
      (32, 38, 61.786)
      (32, 41, 38.584)
      (35, 31, 31.804)
      (37, 42, 86.081)
      (41, 38, 72.088)
      (43, 39, 12.139)
      (44,  1,  5.887) }
------------------------- 

** G15: |V|=50, V={0,1,...49}
(u, v, weight) E = { 
      ( 0,  1, 18.736)
      ( 0, 17, 30.211)
      ( 0, 40,  3.033)
      ( 4, 30, 62.491)
      ( 5, 34, 60.188)
      ( 5, 39, 89.983)
      ( 5, 41,  6.079)
      ( 6, 16, 39.872)
      ( 7,  3, 48.736)
      ( 7, 16, -21.763)
      ( 7, 48, 89.361)
      ( 8, 11, 71.588)
      ( 9, 17, 87.966)
      (10,  5, 25.623)
      (12,  0, 28.165)
      (14,  9,  9.281)
      (14, 19, 93.693)
      (15,  5, -15.749)
      (15, 39, 43.923)
      (16,  2, -8.057)
      (16, 43,  1.984)
      (17,  9, 42.378)
      (17, 33, 24.293)
      (17, 45, -13.414)
      (17, 46, 38.673)
      (18,  4, 73.438)
      (18,  8,  3.920)
      (19,  5, 56.663)
      (19, 48, 62.398)
      (25,  3, 74.928)
      (25, 26, 58.281)
      (28, 39, 64.807)
      (29, 37, 13.603)
      (30,  5, 13.353)
      (30, 12, 81.182)
      (30, 41, 90.139)
      (31, 18, 74.421)
      (32, 16, 26.546)
      (33, 20, 79.792)
      (34,  0, -10.109)
      (35, 42, -6.452)
      (37, 36,  1.184)
      (39, 37, -4.849)
      (40, 46,  9.132)
      (41, 40,  3.344)
      (42, 46, 39.003)
      (45, 46, 21.802)
      (46, 18, 25.363)
      (48, 19, 33.871)
      (48, 28, -6.798)
      (48, 36, 64.717)
      (48, 39, 23.958)
      (49, 19, -5.271)
      (49, 34, -4.244) }
------------------------- 

** G16: |V|=50, V={0,1,...49}
(u, v, weight) E = { 
      ( 0,  1, 23.930)
      ( 0,  3, 89.387)
      ( 0, 36, -14.593)
      ( 1, 16, 45.997)
      ( 1, 18, 18.579)
      ( 1, 19, 69.663)
      ( 1, 27,  1.174)
      ( 2, 11, 56.688)
      ( 2, 15, 34.485)
      ( 2, 29, 50.730)
      ( 3, 14, 89.164)
      ( 3, 39, 31.689)
      ( 4, 28, 36.276)
      ( 4, 33, 78.213)
      ( 4, 47,  9.537)
      ( 5, 23,  8.277)
      ( 5, 34, 10.015)
      ( 6,  8, 29.046)
      ( 6, 10, 53.897)
      ( 6, 29, 36.113)
      ( 7,  9, 87.277)
      ( 7, 13, 11.489)
      ( 9,  8, 12.031)
      (10, 24, 14.172)
      (10, 26, 55.283)
      (11, 12, 55.011)
      (11, 25, 42.843)
      (11, 49,  1.760)
      (12, 34, 33.045)
      (13, 22, 20.752)
      (15, 41, 88.445)
      (15, 43, 41.380)
      (17,  4, 37.215)
      (17, 48, -7.253)
      (18, 44, 31.435)
      (18, 45, 81.314)
      (19, 26, 38.851)
      (19, 30, 45.728)
      (20, 12, 30.500)
      (21,  2, 14.343)
      (21, 17, 14.347)
      (21, 35, 48.321)
      (21, 48, 68.292)
      (22, 25, 16.272)
      (25, 27, 56.153)
      (25, 45, 60.951)
      (26,  6, 11.083)
      (27, 16, 24.812)
      (28, 21, 81.076)
      (29, 36, 74.543)
      (30, 40, 55.325)
      (31, 49, 56.992)
      (32, 44, 43.158)
      (33, 43, 71.529)
      (34,  6, 87.441)
      (35,  6, 90.780)
      (38,  5,  0.974)
      (38, 27, 56.916)
      (39,  5, -3.166)
      (40,  4, 86.885)
      (41, 28, 79.061)
      (41, 31, 79.938)
      (41, 37, 37.438)
      (42, 32, -20.939)
      (43, 15, 13.497)
      (43, 20, 75.775)
      (43, 46, 62.558)
      (44,  2, 42.393)
      (45,  7, 74.298)
      (45, 39, 85.375)
      (46,  6, 94.617)
      (48, 21, -0.358)
      (48, 27, 43.177)
      (48, 42, 26.112)
      (49, 38, 60.726) }
------------------------- 

** G17: |V|=55, V={0,1,...54}
(u, v, weight) E = { 
      ( 0,  1, 92.572)
      ( 0,  3, 67.589)
      ( 0,  4,  9.928)
      ( 0,  8, 33.112)
      ( 0, 15, 25.818)
      ( 0, 16, 94.907)
      ( 0, 31, 33.857)
      ( 1,  5,  2.251)
      ( 1,  7, 51.515)
      ( 1, 10, 25.961)
      ( 1, 23, 21.727)
      ( 2, 12,  9.633)
      ( 2, 18, 35.748)
      ( 2, 24, 60.216)
      ( 4,  0, 75.560)
      ( 4, 15, 98.789)
      ( 4, 26,  1.035)
      ( 4, 28, 10.785)
      ( 4, 29, 14.883)
      ( 5, 19, 52.616)
      ( 5, 29, -83.216)
      ( 5, 46, -1.590)
      ( 6, 44, 98.865)
      ( 8, 36, 77.882)
      (10, 35, 67.940)
      (11, 19, 59.837)
      (12, 13, -7.114)
      (12, 15, -8.123)
      (12, 17, 25.323)
      (13,  1, 51.842)
      (13,  6, 32.606)
      (13, 30, -43.938)
      (13, 50, 17.783)
      (14, 15, 20.854)
      (14, 32, 63.021)
      (14, 38, 59.963)
      (14, 54, 29.071)
      (15, 22, 64.813)
      (16, 33, 91.411)
      (17, 50, 25.330)
      (18, 21, 47.997)
      (19, 53, 58.137)
      (21,  3, 65.959)
      (22, 15, 88.363)
      (22, 18, 58.948)
      (23,  9, 86.908)
      (24, 27, 35.574)
      (24, 34, 59.243)
      (26, 37, 34.708)
      (26, 41, 87.698)
      (26, 52, 38.414)
      (27, 22, 56.030)
      (30,  2, 64.389)
      (30, 39,  5.763)
      (32, 15, 81.817)
      (32, 20, 55.188)
      (32, 25, 75.469)
      (34, 47, 27.537)
      (35, 12, 58.276)
      (37, 20, 30.734)
      (38, 14, 55.112)
      (38, 40, 51.716)
      (39, 10, 31.443)
      (39, 42,  0.930)
      (39, 54,  8.655)
      (40,  1, 99.949)
      (40, 12, 56.150)
      (42, 35, 19.911)
      (42, 43, 29.901)
      (42, 49, 38.934)
      (43, 31, 32.364)
      (43, 51,  4.425)
      (45,  2, 18.181)
      (45, 11, 94.718)
      (46, 15, 27.963)
      (47, 29, 74.486)
      (50, 36, 22.274)
      (50, 45,  0.523)
      (50, 48, 98.952)
      (52,  0, 42.270)
      (52, 35, 28.374)
      (52, 49, 20.671)
      (53,  7, 94.697)
      (54, 50, 10.569)
      (54, 52, 61.966) }
------------------------- 

** G18: |V|=55, V={0,1,...54}
(u, v, weight) E = { 
      ( 0, 49, 20.164)
      ( 2,  4, 21.959)
      ( 2, 18,  7.059)
      ( 4, 27, 68.705)
      ( 6, 20, 70.089)
      ( 6, 44,  8.721)
      ( 8, 48, 61.573)
      ( 9, 14, 45.451)
      (13, 19, 17.811)
      (14, 54, 15.598)
      (15, 31,  9.371)
      (19, 50, 56.818)
      (21, 10, 47.869)
      (21, 20, 27.378)
      (24, 20, -16.009)
      (24, 45, 56.650)
      (25, 12, 67.362)
      (26, 22, 49.119)
      (26, 28, 42.259)
      (27, 30, 88.854)
      (27, 45, 23.416)
      (27, 53, -2.216)
      (28,  6, 56.524)
      (28,  8, -3.711)
      (29, 45,  6.961)
      (29, 46, 60.460)
      (30, 39, 68.780)
      (32, 34, 79.247)
      (32, 48, 76.106)
      (36,  7, -1.439)
      (36, 24, 67.454)
      (37,  5, 62.445)
      (38, 14, 27.363)
      (38, 18, 79.773)
      (39, 32, 99.525)
      (39, 45, 57.115)
      (39, 46,  3.517)
      (40,  1, 61.464)
      (40, 22, 39.591)
      (42,  6, 45.854)
      (43, 37, 66.832)
      (48, 10, 23.116)
      (49, 31, 77.764)
      (52, 18, 84.698)
      (52, 24, 52.448)
      (53, 23, 63.489) }
------------------------- 

** G19: |V|=60, V={0,1,...59}
(u, v, weight) E = { 
      ( 0, 20, 62.937)
      ( 0, 54, 22.547)
      ( 0, 57, 20.620)
      ( 1, 25, 22.613)
      ( 1, 41, 21.521)
      ( 3, 19, 27.481)
      ( 3, 31, 80.199)
      ( 3, 32, 48.549)
      ( 3, 52, 55.398)
      ( 6, 32, 29.576)
      ( 7, 30,  0.832)
      ( 8, 51, -9.084)
      ( 9, 32, 73.306)
      (11,  1, 95.549)
      (11,  5, -19.736)
      (11, 35, 56.942)
      (13, 20, 54.345)
      (13, 43, 94.943)
      (13, 48, 48.759)
      (15, 51, -4.488)
      (16, 34, 11.800)
      (18, 17, 85.429)
      (19, 48, 27.131)
      (21,  9, 23.158)
      (21, 35, 48.810)
      (22, 47, 22.144)
      (24,  1, 25.007)
      (24, 11,  2.387)
      (26,  8, -1.168)
      (27, 33, 44.971)
      (27, 41, 40.406)
      (29, 25, -1.837)
      (29, 47, 59.983)
      (30, 19, -9.387)
      (30, 20, 76.196)
      (30, 32, 31.458)
      (31,  8, 77.873)
      (32,  9, 32.123)
      (34, 18, 60.127)
      (34, 19, 60.632)
      (35, 27, 18.363)
      (35, 48, 46.955)
      (35, 58, 21.105)
      (36, 15, 46.672)
      (38, 51, 32.190)
      (41, 43, 28.766)
      (42,  6,  5.037)
      (42,  8,  4.867)
      (42, 23, 49.357)
      (42, 29, 62.021)
      (45,  4, 14.239)
      (45, 11, -5.674)
      (45, 17, -15.740)
      (47, 41, 16.808)
      (47, 43, 72.669)
      (47, 59, 36.662)
      (48, 21, 37.899)
      (48, 44, 75.839)
      (48, 47, 22.092)
      (48, 55, 77.647)
      (49,  0, 44.615)
      (49, 25, 85.312)
      (49, 44, 42.009)
      (50, 46,  5.464)
      (51, 58, 56.394)
      (52, 27, 46.493)
      (53, 30, 38.807)
      (53, 37, 16.245)
      (55, 35, 52.900)
      (59, 10, 24.328)
      (59, 47, 18.499)
      (59, 52, 87.205) }
------------------------- 

** G20: |V|=60, V={0,1,...59}
(u, v, weight) E = { 
      ( 0,  1,  6.977)
      ( 0,  2,  8.498)
      ( 0,  8, 84.108)
      ( 0,  9, 50.659)
      ( 1, 13, 95.313)
      ( 1, 30,  3.687)
      ( 1, 32, 82.374)
      ( 1, 45, 12.905)
      ( 1, 49, 49.083)
      ( 2,  3, 13.728)
      ( 2, 32, 76.319)
      ( 3,  4, 12.248)
      ( 3,  5, 77.016)
      ( 3,  7, 78.441)
      ( 3, 24, 38.770)
      ( 4, 20,  6.352)
      ( 4, 21, 21.704)
      ( 4, 52, 16.629)
      ( 5, 11, 58.731)
      ( 6, 29, 69.782)
      ( 6, 36, -20.760)
      ( 7, 27,  8.942)
      ( 7, 43,  3.427)
      ( 8, 25, 13.636)
      ( 8, 37, -16.027)
      ( 8, 43,  1.456)
      ( 9, 14, 71.443)
      ( 9, 28, 50.304)
      ( 9, 45, 59.680)
      (10, 12, -12.051)
      (10, 18, 14.515)
      (10, 25, 24.567)
      (11, 16, 73.949)
      (12,  3, 41.554)
      (12, 55, 44.957)
      (13, 33, 28.389)
      (14, 53, 68.126)
      (15,  2, 24.807)
      (15, 23, 39.499)
      (16, 15, -1.128)
      (16, 39, 23.187)
      (19, 22, 73.554)
      (19, 34, 89.671)
      (19, 59, 62.764)
      (20, 43, 18.706)
      (21, 26, 54.479)
      (22, 44, 74.596)
      (23, 21, 41.862)
      (24, 48, 85.559)
      (25,  6, 66.293)
      (25, 19, 51.203)
      (25, 42,  4.464)
      (25, 49, -4.280)
      (25, 55, 51.830)
      (26, 36, 21.134)
      (26, 45, -20.626)
      (26, 52, 35.033)
      (27, 41, 53.623)
      (27, 51, 15.953)
      (29, 20, -3.082)
      (29, 31, 59.778)
      (29, 46, 60.180)
      (29, 55, 77.438)
      (30, 19, 74.059)
      (30, 47, 27.908)
      (32, 17, 16.744)
      (32, 34,  6.569)
      (34, 35, 87.824)
      (34, 54, 33.522)
      (35, 50, 85.927)
      (36, 15, 68.571)
      (38, 34, 14.275)
      (39, 54, 63.815)
      (40, 19, 53.512)
      (40, 42, 34.491)
      (41, 32, 71.769)
      (41, 40, 64.283)
      (41, 56, 78.738)
      (42, 59,  8.912)
      (45, 18, 14.973)
      (45, 54, 51.529)
      (46,  8,  6.299)
      (47, 27, 51.569)
      (49, 54, 73.191)
      (51,  1, 58.631)
      (51, 10, 37.565)
      (52, 40, 12.427)
      (53,  4, 27.432)
      (53, 35, 51.495)
      (55, 38, 46.396)
      (55, 57, 77.606)
      (56, 46,  3.114)
      (57, 58,  9.057)
      (59, 10, 25.617) }
------------------------- 

** G21: |V|=65, V={0,1,...64}
(u, v, weight) E = { 
      ( 0, 26, 41.822)
      ( 0, 41, 53.118)
      ( 2, 31, 49.084)
      ( 2, 62, 49.148)
      ( 4, 38, 86.167)
      ( 4, 46, 99.898)
      ( 5, 22, 97.595)
      ( 5, 64, 62.004)
      ( 6, 41,  0.945)
      ( 6, 52, 87.947)
      ( 8, 17, 93.877)
      ( 8, 52, 67.962)
      ( 9,  3, 26.063)
      (10,  1, 47.239)
      (13,  5, 45.421)
      (13, 31, 99.937)
      (14, 25, 96.619)
      (15, 10, 52.456)
      (15, 46,  7.996)
      (16, 18, 90.312)
      (17, 21, 16.637)
      (17, 43, 64.545)
      (19,  6, 11.826)
      (22, 53, 23.458)
      (23, 34, 88.384)
      (23, 48, 41.113)
      (23, 54, 41.586)
      (24, 10, 55.752)
      (24, 41, 51.514)
      (24, 44, 72.525)
      (24, 49, 59.928)
      (25,  1, 39.157)
      (25, 35, 52.359)
      (26,  5, 28.124)
      (28, 38, 15.911)
      (28, 43, 14.557)
      (29,  8, 75.386)
      (29, 17, 21.376)
      (29, 56, 89.462)
      (29, 63, 26.070)
      (30,  1, 51.735)
      (30, 18, 53.412)
      (31, 23, 57.167)
      (31, 45, 12.427)
      (34, 20, 22.815)
      (35, 20, 87.138)
      (35, 60, 14.268)
      (36, 57, 33.370)
      (37, 62, 54.255)
      (38, 56, 92.472)
      (42, 23, 34.100)
      (42, 58, 22.589)
      (43, 54, 69.910)
      (46, 31,  8.805)
      (46, 37,  9.419)
      (47, 15, 75.095)
      (48,  2, 91.621)
      (48, 16, 82.887)
      (48, 41, 30.643)
      (48, 58, 26.357)
      (49, 34, 14.610)
      (50,  5, 50.374)
      (50, 47,  5.872)
      (51,  2, 53.247)
      (52, 30, 37.915)
      (53, 27, 56.109)
      (53, 48, 73.789)
      (54, 45, 98.789)
      (54, 46, 87.555)
      (54, 50, 58.065)
      (55, 56,  9.200)
      (55, 59, 76.119)
      (56, 35, 20.291)
      (56, 50,  7.172)
      (57, 45,  4.386)
      (58, 64, 51.189)
      (59,  6,  2.927)
      (59, 26, 15.294)
      (62,  9, 30.460) }
------------------------- 

** G22: |V|=65, V={0,1,...64}
(u, v, weight) E = { 
      ( 0,  7, 13.303)
      ( 0, 35, 15.695)
      ( 0, 30, -1.325)
      ( 2,  8, 23.561)
      ( 2, 41, 41.057)
      ( 2, 59, -4.467)
      ( 2, 64, -6.883)
      ( 4, 20, 30.433)
      ( 4, 36, 66.595)
      ( 4, 56, 23.572)
      ( 5, 25, 81.943)
      ( 7, 17, 20.475)
      ( 7, 37, 88.070)
      ( 7, 40, -5.055)
      ( 7, 53, 85.187)
      ( 9,  5, 88.246)
      ( 9, 45,  8.565)
      (12,  4, 40.689)
      (13, 33, -6.598)
      (15, 31, 47.994)
      (17, 32,  1.333)
      (17, 47, 92.635)
      (18, 24, 23.151)
      (19, 21, 68.052)
      (20, 25, 63.260)
      (20, 44, 28.605)
      (20, 47, 64.622)
      (23, 48,  3.846)
      (25, 18, -13.481)
      (26,  0,  6.476)
      (28, 29, 75.451)
      (28, 33, 11.537)
      (28, 60, 16.348)
      (29, 61, 77.386)
      (30, 45, 55.385)
      (30, 56, 57.501)
      (31, 59, 74.362)
      (31, 60, 32.058)
      (33, 50, 15.004)
      (33, 54, 12.800)
      (33, 55, 19.590)
      (34,  2, 41.081)
      (34, 24, 88.831)
      (34, 51, 16.510)
      (35, 14, 58.884)
      (36,  6, 37.277)
      (36, 20, 32.647)
      (38, 35,  5.992)
      (39,  3, 57.774)
      (39, 34, 55.611)
      (40,  7, 75.072)
      (40, 12, 16.931)
      (41, 11, 26.874)
      (42,  4,  8.397)
      (42,  5, 19.229)
      (42, 55, 47.097)
      (42, 63, 82.288)
      (43, 11, 70.780)
      (43, 25, 42.700)
      (43, 64, 18.875)
      (44, 54, 34.555)
      (44, 59, 32.268)
      (45,  4, -4.310)
      (45, 35, 38.713)
      (46, 20, 61.402)
      (46, 34, -2.285)
      (48,  6, 27.308)
      (48, 24, -12.464)
      (48, 61, -1.464)
      (49,  2,  0.211)
      (51, 44,  3.119)
      (52, 18, 42.783)
      (52, 42, 67.331)
      (54, 34, 34.200)
      (55, 56, -10.992)
      (56, 52, 59.458)
      (57, 59, 38.114)
      (58, 31, 29.689)
      (59,  2, 59.963)
      (59, 18, 18.161)
      (59, 39, -7.015)
      (60, 17, 19.395)
      (60, 36, 28.120)
      (62, 27, -21.873)
      (63, 26, 23.747)
      (64,  9, 23.181)
      (64, 22, 40.399) }
------------------------- 

** G23: |V|=70, V={0,1,...69}
(u, v, weight) E = { 
      ( 0, 57, 20.375)
      ( 1, 20, 41.092)
      ( 1, 34, 70.187)
      ( 1, 66, -18.652)
      ( 2,  1, 32.643)
      ( 2, 12, 83.581)
      ( 4, 10, -21.049)
      ( 4, 30, 22.832)
      ( 4, 40, 30.254)
      ( 4, 49, 12.041)
      ( 4, 69, 64.425)
      ( 5, 20, -9.236)
      ( 5, 51,  8.392)
      ( 6,  0, 21.846)
      ( 7, 36, 70.485)
      ( 7, 59, 82.378)
      ( 8, 64, -10.476)
      ( 9, 14, 22.225)
      ( 9, 49, 46.920)
      (10,  8, 52.693)
      (10, 59, 60.202)
      (11, 48, 29.889)
      (12, 32, 85.671)
      (12, 47, 56.022)
      (13, 19,  8.961)
      (14,  3,  8.888)
      (14, 16, 65.691)
      (15,  0, 63.651)
      (15, 28, -11.809)
      (17, 32, 86.674)
      (18, 30, 88.686)
      (20, 61, 54.491)
      (21, 66, -10.238)
      (22, 46, 94.892)
      (23, 15, 35.127)
      (23, 60,  3.271)
      (24, 49,  1.470)
      (24, 56, 69.032)
      (25,  2, 67.522)
      (26, 34, 79.045)
      (26, 65, 58.506)
      (28,  9, 68.924)
      (28, 52, 72.970)
      (29, 12, -0.471)
      (29, 18, 43.303)
      (29, 32, 63.361)
      (29, 50, 40.779)
      (31, 65, 57.404)
      (32, 39,  3.249)
      (32, 49, -5.582)
      (34, 39, -14.059)
      (34, 45, 96.803)
      (34, 66, 38.314)
      (35, 48, 25.394)
      (37, 16,  9.466)
      (37, 29, -5.412)
      (38, 63, 73.774)
      (39,  9, 72.997)
      (39, 30, 31.896)
      (39, 36, 24.378)
      (40, 13, -6.724)
      (40, 34, 19.667)
      (41, 16, 22.021)
      (42, 11,  1.390)
      (42, 15, 93.622)
      (44, 31,  0.066)
      (45, 36, 85.917)
      (47,  6, 70.164)
      (47, 13, -4.678)
      (49, 59, 75.535)
      (50, 16, 61.486)
      (50, 30, 38.123)
      (50, 31, 34.328)
      (50, 35, 21.666)
      (52, 14, -5.759)
      (52, 35, 74.008)
      (53, 42,  1.805)
      (54,  9, 41.635)
      (55, 11, 17.962)
      (55, 68, 51.888)
      (56, 25, 31.462)
      (57, 46, 63.221)
      (60, 35, 29.036)
      (61,  6, 30.834)
      (61, 45, 44.097)
      (62,  2, 56.339)
      (63, 15, -8.704)
      (63, 36, -0.075)
      (63, 50, 76.024)
      (63, 58, 27.377)
      (66, 43, 64.880)
      (67, 13, 50.739)
      (68, 41, 11.959)
      (68, 64, 41.613) }
------------------------- 

** G24: |V|=70, V={0,1,...69}
(u, v, weight) E = { 
      ( 0,  1, 73.057)
      ( 0,  2, -4.246)
      ( 0,  7, 94.466)
      ( 0, 13, 75.085)
      ( 0, 63, 51.778)
      ( 2,  3, 61.232)
      ( 2,  4, 39.748)
      ( 2,  5, 52.165)
      ( 2,  6, 15.873)
      ( 2, 62,  1.087)
      ( 3,  9, 40.279)
      ( 3, 22, 17.498)
      ( 7, 10, 62.561)
      ( 7, 39,  2.062)
      ( 8, 19, 58.396)
      ( 8, 35, 24.962)
      ( 8, 36, 29.792)
      ( 9, 18, 41.450)
      ( 9, 23, 71.507)
      ( 9, 26, 69.365)
      ( 9, 49,  8.317)
      (11, 15, 91.841)
      (11, 16, -12.425)
      (12, 21, 45.107)
      (12, 41, 29.577)
      (13, 33, 44.398)
      (13, 48, 43.635)
      (15, 13, 89.520)
      (15, 24, 14.989)
      (15, 55, 56.514)
      (16, 17, 30.781)
      (16, 40, 60.390)
      (17, 29, 41.285)
      (17, 52, -7.715)
      (18, 34, 52.601)
      (18, 37, 56.087)
      (19, 24, 56.032)
      (19, 30,  4.403)
      (19, 39, 36.960)
      (19, 44,  4.253)
      (21, 31, 60.500)
      (23, 67, -4.249)
      (24, 25, 58.035)
      (24, 27, 73.663)
      (24, 45, -11.781)
      (24, 57,  7.264)
      (30, 56, 58.135)
      (30, 61,  8.357)
      (30, 64,  9.804)
      (31, 32, 95.139)
      (31, 48, 90.827)
      (31, 68, 11.144)
      (32,  7,  7.901)
      (33, 42, 48.725)
      (34,  6, 89.460)
      (34, 67, 57.035)
      (36, 53, 19.798)
      (38,  9, 36.652)
      (38, 23, 95.487)
      (39, 43, 10.085)
      (39, 50, 41.953)
      (40, 13, 56.092)
      (40, 51, 70.993)
      (40, 60, 51.414)
      (41,  5, 44.544)
      (41, 19, 65.541)
      (41, 47, 76.218)
      (41, 50,  0.357)
      (41, 54, 58.490)
      (43, 53, -1.152)
      (44, 20, 51.838)
      (44, 36,  4.870)
      (44, 65, 21.311)
      (45, 28, 71.932)
      (46, 30, 49.579)
      (47, 50, 61.806)
      (48,  8, 72.505)
      (48, 45, 27.707)
      (48, 58, 86.848)
      (48, 65, 14.674)
      (49, 46, 22.018)
      (50, 43, 78.837)
      (51,  7, 50.711)
      (51, 41, 23.572)
      (51, 54, 27.493)
      (52, 66, 14.185)
      (53, 30, 49.769)
      (54, 59, 24.687)
      (56,  3, 35.898)
      (56, 13, 80.829)
      (56, 43, 15.340)
      (60, 16,  5.560)
      (62, 11, 31.921)
      (62, 12, 21.878)
      (62, 35, 20.490)
      (62, 42, 15.554)
      (63, 17, 26.801)
      (63, 44, 51.532)
      (64, 21, 63.699)
      (64, 47, 78.640)
      (64, 53, -12.425)
      (65,  2, 18.487)
      (65, 69, 74.379)
      (66,  0, 13.730)
      (66, 19, 43.387)
      (67, 14, 52.475)
      (67, 28, 11.282)
      (67, 38, 72.793)
      (67, 68, 34.123)
      (69, 46,  6.869) }
------------------------- 

** G25: |V|=75, V={0,1,...74}
(u, v, weight) E = { 
      ( 0, 13, 42.682)
      ( 0, 50, 19.337)
      ( 0, 52, 61.840)
      ( 1,  3, 55.383)
      ( 1, 62, 89.702)
      ( 2, 38, 15.693)
      ( 4, 65, 37.595)
      ( 5,  4, 85.925)
      ( 5, 65,  2.823)
      ( 6, 55, 78.550)
      ( 7, 67, 15.434)
      ( 8, 39, 27.205)
      ( 8, 41, 68.080)
      ( 9, 14,  1.036)
      ( 9, 53, 29.786)
      ( 9, 62, 56.019)
      ( 9, 72, 59.121)
      (11, 25, 26.397)
      (12, 24, 81.159)
      (12, 63, 51.533)
      (13, 23,  0.243)
      (13, 64, 62.251)
      (15, 16, 10.637)
      (15, 30, 74.035)
      (17,  0, -15.217)
      (17, 54, 71.650)
      (18,  2,  0.245)
      (18, 49,  8.880)
      (21, 63, 51.810)
      (22, 48, 32.682)
      (23,  5, 77.537)
      (23, 42, 49.071)
      (25, 29, 44.439)
      (26,  7, 26.764)
      (26, 10, 13.217)
      (26, 68, -12.039)
      (28, 54, 65.774)
      (28, 59,  3.541)
      (30, 26, 10.774)
      (30, 63, -1.636)
      (32, 23, 48.740)
      (34,  6, 69.570)
      (34, 15, -0.497)
      (34, 44,  6.479)
      (35, 11, 48.600)
      (35, 24, 62.180)
      (35, 32, 66.105)
      (35, 46, 22.876)
      (35, 65, 38.201)
      (37, 36, 37.626)
      (37, 45, 47.473)
      (38,  7, 16.277)
      (38, 10, -20.756)
      (38, 50, 18.905)
      (39, 55, 22.898)
      (40, 32, 15.471)
      (40, 51, 66.562)
      (40, 74,  0.440)
      (41,  3, 76.064)
      (41, 20,  2.866)
      (41, 29, 46.292)
      (41, 58, 15.297)
      (41, 70, 12.087)
      (44,  0, 27.979)
      (45,  8, 45.340)
      (45, 58, 50.047)
      (45, 72, 18.947)
      (46, 48, 57.159)
      (47, 15, 35.585)
      (47, 19, -8.526)
      (47, 28, 71.518)
      (48, 15, 74.029)
      (48, 38, 79.220)
      (48, 70, 35.128)
      (50, 48, 69.956)
      (51, 60, -6.697)
      (52, 51, 11.970)
      (53, 57, 18.409)
      (54, 10, 86.861)
      (54, 28, 90.821)
      (54, 51, -12.135)
      (57, 41, 28.867)
      (57, 73, 43.595)
      (58, 29, -12.396)
      (58, 35,  2.195)
      (59,  1, 83.850)
      (59, 13, 33.168)
      (59, 32, 52.795)
      (60,  0, -16.348)
      (61, 15, 19.198)
      (61, 27, 32.873)
      (62, 12,  6.093)
      (62, 32, 19.019)
      (62, 50, -8.995)
      (63,  8, -15.838)
      (63, 49, 82.779)
      (63, 61,  2.987)
      (66,  8, -13.667)
      (68, 62, 50.857)
      (68, 67, 35.796)
      (69, 48, 69.094)
      (71, 18, 12.098)
      (71, 36, 74.434)
      (72, 22, 66.769)
      (72, 31, 39.102)
      (72, 55, 63.010)
      (74, 42, 41.510)
      (74, 52, 78.712) }
------------------------- 

** G26: |V|=75, V={0,1,...74}
(u, v, weight) E = { 
      ( 0,  1,  0.966)
      ( 0,  2, 89.365)
      ( 0,  3, 16.635)
      ( 0,  4, 10.975)
      ( 0,  9, 72.087)
      ( 0, 14, 82.933)
      ( 1,  8, 54.749)
      ( 1, 33,  5.310)
      ( 2, 49,  8.369)
      ( 2, 51, 28.879)
      ( 3, 13, 28.125)
      ( 4, 12, 47.557)
      ( 4, 54, 52.341)
      ( 5, 11, 60.385)
      ( 5, 16, 16.498)
      ( 5, 21,  9.472)
      ( 5, 41, 96.204)
      ( 7, 19, 13.384)
      ( 7, 39, 91.981)
      ( 8, 23, 71.346)
      ( 8, 25, 83.066)
      ( 8, 55, 20.615)
      ( 9, 32, 24.349)
      ( 9, 68, 83.183)
      (10,  5,  0.410)
      (10, 22, 59.848)
      (10, 54, 18.902)
      (12, 15, 85.655)
      (13, 24, 94.064)
      (13, 25, 71.569)
      (13, 30, 89.790)
      (13, 39, 23.826)
      (14, 27, 89.101)
      (14, 50, 83.431)
      (16, 69, 85.903)
      (16, 70, 46.432)
      (17,  6, 83.232)
      (17, 33, 72.782)
      (17, 38, 17.618)
      (18, 11, 73.120)
      (19,  5, 50.022)
      (20,  6, 10.095)
      (20, 11, 95.575)
      (20, 61, 90.625)
      (21, 14, 15.802)
      (21, 74,  9.696)
      (22,  3, 10.535)
      (22, 52, 48.514)
      (23, 31, 38.896)
      (23, 40, 29.941)
      (23, 45, 15.665)
      (23, 67,  8.269)
      (24, 15,  8.624)
      (24, 28, 91.893)
      (24, 48, 64.082)
      (24, 62, 57.072)
      (24, 71, 36.355)
      (26, 55, 37.502)
      (27, 53, 57.586)
      (28, 60, 74.362)
      (29, 36, 34.630)
      (30, 33, 61.180)
      (30, 35,  7.383)
      (31, 66, 89.782)
      (33, 46, 47.694)
      (34, 37, 90.216)
      (35, 66, 62.464)
      (36, 20, 77.436)
      (36, 43, 44.787)
      (37, 35, 13.140)
      (37, 44, 81.138)
      (38, 20, 56.976)
      (39, 17, 45.227)
      (39, 29, 67.949)
      (39, 56, 80.699)
      (42, 26, 29.790)
      (42, 61, 30.474)
      (43,  7,  0.101)
      (43, 51, 98.261)
      (43, 58, 17.061)
      (43, 62, 10.611)
      (43, 63, 28.677)
      (45,  2, 75.099)
      (46, 18, 71.322)
      (46, 28, 24.413)
      (48, 59, 67.138)
      (49, 11, 76.423)
      (49, 42, 44.405)
      (50, 64, 88.878)
      (51, 35, 93.464)
      (51, 52, 76.451)
      (51, 65, 87.845)
      (52, 54, 15.266)
      (52, 55, 60.094)
      (54, 57, 56.081)
      (56, 50,  8.052)
      (58, 41, 99.360)
      (59, 34, 71.928)
      (59, 52, 36.598)
      (59, 72, 27.909)
      (60, 30, 84.570)
      (60, 56, 53.037)
      (61, 47, 58.500)
      (62, 29, 26.621)
      (63, 22, 45.980)
      (63, 44, 29.380)
      (63, 46, 94.250)
      (63, 52, 31.193)
      (65,  6, 27.655)
      (65, 59, 59.835)
      (65, 73, 45.056)
      (66, 26, 69.757)
      (67, 18, 54.916)
      (67, 62, 93.507)
      (68, 59,  1.064)
      (68, 73,  9.419)
      (70,  7, 85.859)
      (71, 10, 78.632)
      (71, 20, 30.130)
      (71, 67, 25.561)
      (72,  1, 62.121)
      (72, 20, 87.734)
      (72, 71, 85.795)
      (74, 48,  6.788)
      (74, 51, 15.093) }
------------------------- 

** G27: |V|=80, V={0,1,...79}
(u, v, weight) E = { 
      ( 0,  1, 30.728)
      ( 0, 26, 47.288)
      ( 1,  9, 55.174)
      ( 1, 30, 47.052)
      ( 2, 37,  7.554)
      ( 2, 40,  2.436)
      ( 2, 79, 65.823)
      ( 3,  0, 94.002)
      ( 3, 12, 51.757)
      ( 3, 15, 51.982)
      ( 3, 35, 49.236)
      ( 3, 50, 28.699)
      ( 5,  3, 76.050)
      ( 5,  8, 20.725)
      ( 5, 24, 77.266)
      ( 6, 32, 64.301)
      ( 6, 36, 75.869)
      ( 8, 64, 17.992)
      ( 9, 30, 10.325)
      ( 9, 52, 31.610)
      ( 9, 72, 19.635)
      (10, 22, 79.604)
      (11, 57, 95.973)
      (12, 34, 11.466)
      (12, 64, 90.257)
      (12, 69, 68.598)
      (13, 10, 39.961)
      (13, 29, 46.672)
      (13, 76, 25.799)
      (14, 12, 82.250)
      (14, 43, 77.323)
      (15, 10, 12.116)
      (15, 60, 42.386)
      (16, 17, 44.469)
      (17, 11, 84.566)
      (18, 13, 48.090)
      (18, 16, 91.868)
      (18, 25, 17.291)
      (18, 55, 92.167)
      (18, 73, 57.394)
      (20, 33,  1.672)
      (20, 48, 91.233)
      (20, 64, 70.146)
      (21, 77, 85.334)
      (22, 37, 30.134)
      (22, 41, 78.323)
      (22, 72,  6.930)
      (23, 20, 95.372)
      (23, 26,  9.032)
      (23, 44, 55.333)
      (23, 49, 74.916)
      (23, 58, 21.570)
      (25, 20, 24.622)
      (26,  6,  7.901)
      (26, 27, 11.406)
      (27, 63, 48.645)
      (28,  2, 73.098)
      (29,  0, 53.327)
      (29, 39, 39.130)
      (29, 65, 51.059)
      (29, 75, 53.549)
      (31, 25, 39.188)
      (31, 45, 92.610)
      (32,  4, 68.565)
      (32, 41, 24.484)
      (32, 62, 97.678)
      (33, 57, 84.901)
      (33, 74, 40.981)
      (36, 12, 91.770)
      (39, 72, 34.290)
      (40, 23, 52.777)
      (41, 29, 89.791)
      (41, 66, 41.833)
      (41, 72, 89.803)
      (42, 23, 23.380)
      (42, 26,  8.080)
      (42, 28, 90.470)
      (42, 54, 75.547)
      (42, 67, 15.071)
      (43, 38, 97.845)
      (43, 59, 24.853)
      (44, 11, 98.838)
      (44, 78, 56.924)
      (45, 71, 11.914)
      (46, 19, 18.500)
      (46, 31, 46.071)
      (46, 68, 39.387)
      (49,  7, 64.906)
      (51, 32, 92.876)
      (53, 47, 91.725)
      (54, 20, 82.736)
      (54, 33,  3.636)
      (54, 70, 57.306)
      (56, 38, 40.596)
      (56, 43, 31.726)
      (56, 46, 34.317)
      (58, 18, 99.425)
      (59, 24, 91.674)
      (59, 71, 43.278)
      (60, 61, 65.615)
      (60, 64, 51.731)
      (61, 18, 75.581)
      (62, 66,  5.693)
      (62, 79, 24.233)
      (63, 25, 91.385)
      (64,  6, 79.946)
      (64, 14, 97.255)
      (64, 43, 72.727)
      (64, 71, 88.021)
      (66,  3, 88.502)
      (66, 19, 87.698)
      (66, 51, 93.853)
      (66, 60, 76.402)
      (66, 65, 51.000)
      (67, 49,  5.736)
      (68, 21, 26.435)
      (68, 39, 53.721)
      (68, 48, 97.192)
      (69, 12, 77.318)
      (71, 18, 30.952)
      (71, 56, 73.120)
      (72,  5, 32.989)
      (72, 53, 15.844)
      (73,  6, 48.778)
      (73, 72, 62.465)
      (74, 43, 53.940)
      (74, 71,  3.653)
      (75, 17, 65.528)
      (76, 14,  2.320)
      (76, 42, 36.911)
      (77, 56, 43.879)
      (78, 67, 38.649)
      (79,  0, 76.970)
      (79, 47, 77.667)
      (79, 53, 11.393) }
------------------------- 

** G28: |V|=80, V={0,1,...79}
(u, v, weight) E = { 
      ( 0, 53, 51.920)
      ( 0, 71, 16.018)
      ( 1, 32, 59.924)
      ( 2, 42, 58.572)
      ( 2, 49, 29.434)
      ( 3,  9, -13.103)
      ( 3, 32, 38.112)
      ( 4, 21, 43.242)
      ( 4, 29,  4.883)
      ( 7, 44, 47.526)
      ( 7, 70, 49.946)
      ( 8, 33, 22.928)
      ( 9, 40, 80.207)
      ( 9, 53, 65.128)
      ( 9, 62, 54.590)
      ( 9, 63, 63.223)
      ( 9, 65, 61.922)
      (10, 62, 44.450)
      (11, 15, 63.149)
      (11, 78, 18.458)
      (14, 22, 38.357)
      (15, 10, 25.045)
      (15, 33, 66.101)
      (16, 25, 46.517)
      (17, 77, 90.902)
      (18, 72, 25.177)
      (19, 13, 64.923)
      (19, 16, 52.222)
      (19, 17, 75.572)
      (20, 61, 43.987)
      (21, 58, 57.917)
      (22,  5, 13.482)
      (23, 15, 66.142)
      (23, 33, -8.205)
      (24,  3, -1.676)
      (24, 53, 14.409)
      (24, 57, -0.835)
      (24, 66, 65.736)
      (25, 18,  5.115)
      (25, 59, 73.329)
      (25, 63, 65.706)
      (27, 21, 40.504)
      (27, 70, 35.997)
      (28,  9, 30.171)
      (28, 49, 38.345)
      (29, 31, 79.261)
      (30, 41, 52.300)
      (30, 44, 75.330)
      (31, 56, 25.070)
      (31, 64, 87.126)
      (32, 23, 25.311)
      (32, 30, 40.814)
      (33,  5, 60.003)
      (35, 24, 19.522)
      (37, 12, 17.026)
      (37, 25, -2.692)
      (38, 11, 58.714)
      (38, 13, -5.570)
      (38, 21, -1.627)
      (38, 31, 43.330)
      (38, 33, 42.724)
      (38, 79, 87.000)
      (39, 72, 88.412)
      (40,  9, 41.979)
      (40, 52, 46.294)
      (40, 68, -1.226)
      (40, 74, 70.109)
      (41,  3, -11.364)
      (41,  6, 57.675)
      (44, 18, 65.230)
      (44, 24, 79.401)
      (45, 27, 65.113)
      (45, 44, 79.137)
      (45, 77, 79.921)
      (46,  0, 47.357)
      (46,  4, 42.126)
      (47, 38, -4.549)
      (50,  7, 30.148)
      (51, 33, 63.154)
      (51, 43, 95.585)
      (52,  2, 17.986)
      (52,  3, 63.217)
      (52, 15,  8.735)
      (53, 27, 65.842)
      (54, 75, 64.158)
      (55, 35, 49.985)
      (55, 63, 66.705)
      (55, 72, 38.611)
      (57, 37, 63.216)
      (58, 65, 36.677)
      (59, 25, 31.238)
      (59, 48, 64.134)
      (59, 56, 32.279)
      (60, 24, -5.687)
      (60, 25, 60.862)
      (61, 11, 42.301)
      (61, 44, 46.359)
      (61, 59, 17.248)
      (62, 22, 66.171)
      (62, 61, 39.705)
      (63, 23, 42.604)
      (66, 10, -8.556)
      (67, 45, -12.242)
      (67, 60, -7.063)
      (68, 15,  3.631)
      (68, 29, -3.799)
      (69, 64,  7.731)
      (70, 15, 59.964)
      (70, 20, 54.471)
      (70, 24, 83.399)
      (72, 57, 15.597)
      (72, 69, 42.959)
      (73, 25, 18.444)
      (74,  9, 72.121)
      (74, 29, 14.939)
      (76, 27, 73.913)
      (76, 62, 20.229)
      (76, 63, -11.430)
      (78, 60, 23.462)
      (79, 67, 36.956) }
------------------------- 

** G29: |V|=85, V={0,1,...84}
(u, v, weight) E = { 
      ( 0,  1, 77.510)
      ( 0, 25, 24.586)
      ( 0, 49,  8.977)
      ( 1,  2, 91.835)
      ( 1,  3,  5.420)
      ( 1, 10, 52.442)
      ( 1, 31, 53.210)
      ( 1, 36, 38.729)
      ( 1, 37, 21.117)
      ( 1, 43, 69.334)
      ( 1, 48, 53.118)
      ( 2, 60,  5.183)
      ( 2, 68, 40.237)
      ( 3, 80, 31.807)
      ( 4, 17, 67.404)
      ( 4, 18, 45.643)
      ( 4, 58, 44.980)
      ( 4, 62, 81.986)
      ( 4, 84, 87.349)
      ( 5,  9,  8.541)
      ( 6, 31, 20.384)
      ( 7, 43, 85.591)
      ( 7, 66, 26.985)
      ( 7, 75, 47.441)
      ( 8, 24, 24.965)
      ( 9, 24, 56.549)
      ( 9, 28, 95.297)
      (10, 33, 76.616)
      (10, 74, 65.087)
      (11, 27, 29.096)
      (12, 16,  3.124)
      (12, 41,  5.600)
      (12, 51,  3.851)
      (12, 61, 62.347)
      (12, 80, 36.256)
      (13, 19, 12.256)
      (14, 21, 71.465)
      (14, 33, 44.805)
      (14, 39, 70.058)
      (15, 40, 95.027)
      (15, 64, 46.771)
      (16,  4, 75.061)
      (16, 51, 70.997)
      (16, 83, 63.559)
      (17,  1, 88.525)
      (17, 32, 32.050)
      (17, 45, 89.990)
      (17, 59, 69.860)
      (17, 64, 82.260)
      (18, 11, 74.478)
      (19, 56, 14.539)
      (19, 73, 36.817)
      (19, 79, 87.256)
      (20,  0, 38.989)
      (20, 42, 89.384)
      (20, 44, 60.291)
      (20, 52, 44.370)
      (21, 75, 72.429)
      (22,  0, 20.427)
      (22, 15, 89.832)
      (22, 45, 57.215)
      (23, 17,  4.688)
      (23, 53, 37.266)
      (24, 57, 21.498)
      (26, 15, 98.912)
      (26, 53, 17.593)
      (27, 35, 90.829)
      (28, 82, 89.909)
      (29, 30, 26.145)
      (30,  0, 73.455)
      (30, 80, 30.694)
      (31, 50, 54.284)
      (31, 78,  3.403)
      (32, 34, 17.154)
      (32, 76, 63.484)
      (34, 57,  5.762)
      (34, 69, 30.352)
      (35, 73, 11.265)
      (36, 37, 49.371)
      (36, 58, 54.081)
      (38, 17, 63.574)
      (38, 44, 52.779)
      (38, 55, 57.281)
      (39, 61, 83.171)
      (40,  2, 34.170)
      (40, 49, 52.761)
      (41, 25, 11.542)
      (41, 38, 70.634)
      (41, 84, 42.674)
      (42, 16, 35.143)
      (42, 53, 76.269)
      (42, 74, 90.766)
      (44,  4, 95.339)
      (44, 14, 38.157)
      (45,  6, 86.081)
      (45, 19, 73.663)
      (45, 26, 31.206)
      (45, 79, 22.718)
      (46,  8, 70.901)
      (46, 29, 69.262)
      (46, 82, 89.302)
      (47, 48, 92.048)
      (47, 69, 45.683)
      (47, 75, 66.450)
      (48,  0, 36.779)
      (48, 13, 83.214)
      (48, 37, 13.827)
      (48, 54,  3.971)
      (50, 22, 90.929)
      (52, 11, 90.389)
      (53, 67,  9.420)
      (54, 49, 91.673)
      (54, 69, 80.350)
      (55, 27, 22.136)
      (56,  2, 82.423)
      (56, 37, 72.053)
      (56, 72, 98.840)
      (57, 17, 54.122)
      (57, 46, 46.002)
      (57, 80, 77.598)
      (58, 30,  8.762)
      (58, 65, 14.850)
      (58, 78, 89.994)
      (59, 11, 10.789)
      (59, 44, 41.926)
      (60, 24, 91.709)
      (61,  5, 33.501)
      (62,  8, 48.180)
      (63, 19, 22.791)
      (63, 77, 98.420)
      (64, 16, 58.116)
      (64, 38,  4.354)
      (65, 40, 76.142)
      (66, 16, 86.241)
      (67, 70, 78.640)
      (67, 75, 75.352)
      (68, 23, 27.770)
      (69, 25, 88.520)
      (69, 47, 92.149)
      (69, 71, 62.222)
      (70, 35,  3.945)
      (70, 74, 78.233)
      (70, 82, 65.989)
      (72, 17, 48.745)
      (72, 81, 57.385)
      (73, 12, 56.232)
      (73, 47, 75.003)
      (73, 81, 51.587)
      (74, 53, 54.198)
      (74, 58, 52.377)
      (74, 64, 89.915)
      (74, 71, 75.809)
      (76,  7, 18.546)
      (76, 41, 51.167)
      (76, 72, 11.411)
      (77, 74, 43.616)
      (78, 20, 70.516)
      (79,  7, 23.015)
      (79, 29, 54.347)
      (79, 71, 41.514)
      (79, 72, 79.899)
      (80, 81, 32.246)
      (81, 55, 38.145)
      (81, 68, 93.708)
      (83, 17, 91.060)
      (83, 63, 58.678)
      (84, 50, 43.276) }
------------------------- 

** G30: |V|=85, V={0,1,...84}
(u, v, weight) E = { 
      ( 0,  5, 29.769)
      ( 2,  8,  3.082)
      ( 2, 71, 24.277)
      ( 3, 58, -18.759)
      ( 3, 83, 19.720)
      ( 4, 80, 65.087)
      ( 5,  6, 33.175)
      ( 5, 52, 18.257)
      ( 5, 77, 66.916)
      ( 6,  5,  6.002)
      ( 6, 62, 68.052)
      ( 7, 21, 11.625)
      ( 7, 64, 62.113)
      ( 7, 70,  1.783)
      ( 7, 83, 77.416)
      ( 7, 84, 17.592)
      ( 8, 64, 32.250)
      ( 8, 82, 50.745)
      (10,  7, 85.570)
      (10, 71, 29.946)
      (11, 45, 32.496)
      (12, 44,  5.345)
      (13, 19, 84.159)
      (13, 33, 18.290)
      (15,  6, 40.761)
      (15,  9, 50.554)
      (15, 23, 85.727)
      (15, 52,  3.545)
      (17, 36, 27.390)
      (17, 44, 35.447)
      (20,  3, 92.905)
      (22, 47, 33.155)
      (22, 59, 93.771)
      (23, 12, 57.867)
      (23, 14, 52.647)
      (23, 56,  9.354)
      (24,  1, 95.565)
      (24, 21, 28.302)
      (24, 45,  9.164)
      (25, 13, 31.325)
      (25, 19, 72.794)
      (25, 27,  8.587)
      (28,  5, 36.827)
      (28, 55, 33.566)
      (29, 73, 21.982)
      (30, 21,  0.612)
      (30, 60, -24.872)
      (30, 63, 12.179)
      (31, 79, 37.451)
      (32, 54, 32.588)
      (32, 76, 37.638)
      (34,  6,  0.401)
      (36, 72, 85.268)
      (37, 47, 18.124)
      (37, 76, 87.861)
      (38, 10, 47.005)
      (38, 35, 40.563)
      (38, 57,  2.088)
      (38, 62, 19.328)
      (38, 68, 75.314)
      (39, 71, 66.953)
      (40,  3, 90.178)
      (40, 20, 55.043)
      (40, 72, 59.300)
      (41, 52, 42.883)
      (43, 50,  5.088)
      (43, 80, 19.171)
      (44, 18, 64.672)
      (44, 67, 35.519)
      (45, 29,  3.097)
      (45, 53, 89.347)
      (46, 29, 97.695)
      (46, 51, 79.115)
      (47, 57, 43.728)
      (48, 15, 94.893)
      (48, 19, 55.203)
      (48, 60, 12.042)
      (49, 55, 70.159)
      (50, 61, 30.272)
      (50, 64, 39.140)
      (51, 19, 58.642)
      (51, 30, 69.264)
      (52, 73,  9.485)
      (52, 83, 31.419)
      (53, 56, 94.049)
      (53, 58, 80.002)
      (54,  0, 35.668)
      (54, 22, 77.488)
      (54, 47, 32.822)
      (54, 74, 17.314)
      (54, 77, 61.407)
      (56, 49, 11.819)
      (57, 17, 73.720)
      (58, 14, 60.245)
      (58, 30, 79.872)
      (59, 33, 25.829)
      (59, 35, 38.317)
      (59, 55, 72.738)
      (59, 77, 45.318)
      (60, 12, 52.683)
      (60, 38,  6.741)
      (60, 72,  9.643)
      (62,  0, 55.109)
      (62, 40, 49.603)
      (62, 75, 32.731)
      (63,  4, 78.259)
      (63, 78, 71.894)
      (64, 34, 26.341)
      (65,  3, 50.551)
      (65, 16, 65.783)
      (65, 36, 22.633)
      (65, 62, 75.271)
      (66,  9, 12.580)
      (66, 25, 89.921)
      (66, 82, 36.901)
      (69, 16,  7.468)
      (69, 31, 61.464)
      (70, 58, 93.124)
      (71, 59, 88.990)
      (72, 22, 98.076)
      (73,  2, 40.932)
      (73, 37, 45.297)
      (73, 62, 49.133)
      (74, 42, 33.405)
      (75, 36, 51.134)
      (75, 57, 16.643)
      (76, 56, 90.517)
      (77, 16, 93.059)
      (79, 15, 58.566)
      (79, 80, 60.945)
      (80,  4, 53.539)
      (80, 46, 81.663)
      (80, 57,  1.334)
      (80, 83, 44.956)
      (81, 34, 84.151)
      (82, 36,  8.738)
      (82, 43, 17.320)
      (82, 65,  8.222)
      (83,  3, 68.962)
      (84, 13, 76.595)
      (84, 41, 34.941)
      (84, 53,  6.337) }
------------------------- 

