
--- x y ----
  909.1410733254   458.1648963789
  442.7533557640   683.5431637508
  448.4542118137   641.7994181128
  586.4558000070   219.8986104969
  904.2136670351   443.0733544013

--- x y ----
  840.7766924704   599.8132921860
  994.4506447074   932.7331926482
  986.8383123042   946.6466441932
  -19.2708554679   805.0655821640
  -24.9505276791   797.4709536329

--- x y ----
  306.5736628886   504.7380054233
  225.4612765385   351.6379830140
  179.4798435053    97.3174872569
  183.3523419232    94.9087275202
   86.6570070800    36.0042262913

--- x y ----
12986.1809761310   504.2285260914
12386.9942412610   318.8130242579
13906.3908645244   609.6202754430
14016.4501246701   732.3525898125
13928.6270486019   938.9787897403

--- x y ----
   50.3612628320    20.0244443977
  204.0234899616   169.3718500701
   72.3019111318   311.2233391550
 -209.1922965177   576.4470197438
 -435.3862876276   722.5876461113
 -444.9458702483   579.2296687222
 -440.4053443676   557.5226236275
 -438.3440245721   548.6534693480
 -436.9443017162   542.8729187342
 -333.3414884304   404.3489422336

--- x y ----
-82342.2960081179   152.6462709950
-82177.7432245254    87.1237246453
  141.3956941679    68.0096666624
  431.0998915292   347.5975833335
  783.3324515416   717.2153592945
  783.1310965049   720.9225618476
  769.6564881510   953.5512468102
-82026.1896666161   526.6115618851
-82095.7031299222   480.2417576118
-82225.5006768325   337.5426538972

--- x y ----
 -577.0247388253   300.2015168873
 -575.7098745176   297.9885594036
 -384.9399759832    94.5351130472
   37.4054462770    83.5360434071
  112.0209995668   317.1880287592
   81.7615648582   777.4971404158
   68.0486922384   836.3443056871
  -47.5819584139   883.7647173424
 -585.0210001905   355.1732516027
 -579.9845349245   305.3998216415

--- x y ----
-1376.8591966204   503.1178908501
-1382.8806162608   493.7630326641
-1379.7971330842   489.1730769506
-1298.9752461112   378.7609941293
-1273.6035928546   365.0209232987
-1232.2392552458   351.7210977511
  -63.3496430113   291.7024164894
 -595.2292259281   521.5692688359
 -939.8795994649   660.7157280140
-1221.5283085127   605.2858635465

--- x y ----
 2408.5211799963   941.0896593103
 2452.4904770152   732.9284757037
 2454.7610473913   725.7533478218
 2460.6508888161   722.7420742959
 2746.4239692066   606.4054093844
 2881.2288261483   558.3723810859
 3774.3032775033   472.1215472595
 5916.5205593798   292.8657485328
 3769.4947438064   283.8049260548
 3959.4389800600   326.5417280337
 3978.6836429313   372.3146724421
 3996.7071874569   430.7649818017
 3880.2272661902   586.3034512635
 3570.6164346023   753.1623188285
 2411.0151036718   948.0680870984

--- x y ----
  253.2315448120    96.0452934883
  305.8415648047   120.5037399094
  889.3782386951   420.6533738030
  906.6945681271   434.3593918819
 1214.2808090202   819.7393568341
 1218.7171210136   835.6809366682
 1179.9428389424   975.8656274462
 1163.9463315407   987.2109865672
 1149.9681567097   992.1762602589
  499.9859325101   715.9633449311
  485.4254083000   664.1489263646
  509.1574263625   606.3794117542
  617.3483680093   371.6979034483
  830.2273736209   246.5693969772
   48.2338794508    17.2986305005

--- x y ----
 -149.2660796753   596.3362059051
 -178.2913462870   533.6188127437
 -156.3122005285   364.4928691506
 -145.3111891374   308.3465500488
 -127.0589272889   277.2501480163
 -123.3576854097   272.7663724720
  825.9740122709   257.5390070824
  106.1998644766   130.0673289860
  108.7923381487   138.9706271363
  180.3766853606   410.8834460081
  209.5035846538   696.9649738837
  132.0142201326   899.4868282523
  119.2746793371   916.9691366732
    2.1666189894   819.9278318451
 -104.7524740273   664.8134264587

--- x y ----
 2284.1417786895   120.5059281401
 2802.2097533096   294.9666523279
 2815.2062526410   300.1254031781
 3170.2347019496   550.0136295456
 3185.9094696182   566.1729356453
 3224.0478514917   633.8780279929
 3225.0651441478   654.0949666492
 3196.4543317408   761.7881364464
 3123.2650165302   866.0625004600
 2968.2557678119   906.2224789222
 1585.3809564584   588.0064812415
 1557.2564740463   516.8257170730
 1719.8813505224   368.8296861769
 1724.2812190230   366.2668330818
 1833.3534716452   325.4095553978

--- x y ----
 -480.8157345750   662.6867294399
 -497.7777563438   512.7975486913
 -497.2274971717   493.4461846701
 -432.5281954665   330.2395803174
 -411.3035879237   284.5949212193
 -387.9081659170   266.5258811242
 -329.0950489538   221.5384150034
  483.8550676185   160.6727110146
 2763.8082486385    55.7727776108
  103.2033264835    31.3595964766
  598.1057588808   406.5891635001
  606.2592805418   417.0792111438
  614.0049464779   509.3348928188
  614.4546902225   517.0095401965
  615.3206699497   572.7498365517
  541.7426456947   782.3183999171
  511.1803877941   832.9016330302
  354.0771426514   908.8010536924
 -372.6764998188   704.8393130114
 -472.2831740061   672.4973700925

--- x y ----
-1778.0324699153   826.5191681731
-1784.6343020269   806.7652874247
-1797.6252704276   711.3187311191
-1796.0584785339   642.1721334333
-1795.0687901887   630.7781996419
-1786.3734463035   599.6787753829
-1743.6773059675   518.1211389871
-1722.1836732859   478.6265672061
-1687.2118201386   416.3621683615
-1673.7553885759   396.2151406448
-1598.4605289272   290.8744711759
-1427.6369761634   119.6813875910
-1392.2065636723    84.2686299598
    2.6929393807    14.3268533452
  -50.7656641621    91.9123892045
 -210.3650452718   284.0992031012
 -627.8288043678   616.7748469877
 -760.6974893363   709.2647482764
-1300.4893321769   979.1992267694
-1777.0746735353   828.0166127006

--- x y ----
   96.5227512455   628.2446015986
 -388.3329424617   770.3159588691
-10570.6061565785   973.6508562794
-10671.7139370671   953.2330653547
-10682.2830667555   933.9379806261
-10689.1615571351   918.4655246765
-10705.6148124119   875.2120127495
-10729.1237077769   795.6666549367
-10725.9179065462   778.0414924481
-10657.1757247623   651.8404222786
-10443.9141233829   464.3557710132
-10256.3198114926   369.8102266468
-9969.4141532341   227.9985986891
-9831.6864091807   201.2405271594
  135.7120853337    53.4566647377
  247.1757936819   143.8997359254
  248.2065233705   145.5076815647
  253.0821027905   212.7656343520
  253.1828418311   245.6397762740
  162.3166319772   582.8444967850

--- x y ----
 2187.0517652232   351.3504155539
 2213.0691125725   389.3084799052
 2265.7682807279   546.1159014270
 2266.0884999851   558.0884684054
 2266.1935323931   580.7464190017
 2266.1744381401   595.8486721455
 2262.1158155287   632.1292549894
 2249.7294030124   673.3140741518
 2163.5144108354   853.7240589700
 2147.6992789066   865.7398308198
 2045.6416952260   881.1371677187
 2030.1764985447   863.9527259354
 1967.8588102864   767.0744908131
 1896.5094599434   607.0034105461
 1894.9179784762   582.2486829660
 1891.4126627676   526.6890948745
 2204.7170505047   253.0105823044
24516.8502410391   122.6767500840
 1896.5689877422   106.4742943079
 2045.7503200911   185.7200457211

--- x y ----
-1748.5522126286   855.2015941855
-1919.2452534381   770.3281551805
-1943.6942331720   757.7204008128
-2202.4407970722   391.2811284412
-2249.0314712785   241.2083497932
-2259.1745722255   154.2077644370
-2255.0728532833   140.3879895483
-2203.6450082968    67.0251754362
  263.9984957459    32.6374900171
  726.4571396786    92.4879640637
  753.4697609472   100.3689509140
  767.5820747070   108.6533554275
 1000.0181595709   279.6148304966
 1034.2136405089   317.7915090805
 1054.6583510751   343.5642366800
 1101.0606809265   414.8689017370
 1141.0807560291   486.0166369414
 1196.3080571975   633.4342066336
 1194.2458531762   637.0315778399
 1137.4175245901   700.4000825967
  984.5024892035   854.3624719782
  959.4271866365   878.0022356994
  948.4876963087   885.1012202348
  926.1981438084   889.1264065465
  366.7399116831   975.1168719230

--- x y ----
  704.8325594953   864.9517943697
  677.2381856387   878.2321233265
  418.8044222114   866.1784579906
 -237.5637953584   775.2500026300
 -454.6041790530   700.4336266811
 -995.1995972967   497.9186128584
-1029.4722037119   456.0343354073
-1024.1991160075   405.3030630138
 -981.4448794173   182.3486156484
 -975.6907949423   168.5641442006
 -956.5702072916   151.7765880882
 -912.6698865965   119.4187464084
 -667.8324643029    74.9870157144
   89.2208646974    21.6095177492
  368.9762218248   184.5615593370
  659.6559055895   357.4828339235
  664.6879572473   362.4243715283
  696.2953268347   417.5524266296
  733.1428735238   487.9553065588
  783.5071050860   590.1702101335
  795.4820749205   633.6431635516
  793.5460922215   685.9251878354
  786.7726459153   746.6112340521
  770.1982779819   811.0776614276
  769.2224617932   813.6889898286

--- x y ----
 -142.4906029802   127.6585180222
  112.3404293758    95.5882782058
  307.9401412484    49.4606243660
  348.6422007524    65.0829961019
  433.4850804908    99.0180778088
  468.7411048862   124.6244278325
  653.7702054484   300.2665660865
  709.8368442247   374.4384018536
  731.6943980368   407.6749800765
  761.6835582425   463.8299272450
  767.5419508372   492.7981299580
  560.5627653178   671.8809456460
   78.9192784011   876.5892749417
 -216.1207948303   971.3340540314
 -332.6938132779   848.6870991363
 -348.8422555003   826.0126781416
 -357.9305591666   813.0329866033
 -381.4255984036   664.7596951591
 -390.1838213394   597.8462567314
 -389.9869769662   588.7868601836
 -371.7160277281   495.2299902355
 -290.4664409539   286.1397594506
 -278.9559441484   264.0171078079
 -249.0375099263   211.1319832148
 -194.9305273778   154.7397061251

--- x y ----
 -746.4180643980   341.3854681487
 -674.5596037953   261.5918674613
 -403.5547917885   189.5862498794
 -335.4862364568   180.1562911319
  127.8529278106   120.5247893196
   97.4439672628    67.8014303629
  322.4613321532   339.7816812721
  338.6961325869   391.4019824014
  416.1472115546   740.2469521636
   81.3447769721   932.8563776395
 -541.2088364897   861.4648814698
 -667.8887440098   828.0984374174
 -809.7038812284   790.0014938545
 -813.5057874550   788.0790131646
 -816.0993599590   786.3852627530
 -881.7843924178   724.6972465121
 -884.1219690361   722.1989403195
 -900.2532132196   700.2584148106
 -912.8289939790   639.4868101983
 -913.2753294098   636.0143796631
 -916.7170173798   606.0869948557
 -908.9622413365   565.4539112908
 -907.8734162647   560.6794803806
 -888.4845639538   528.8596002381
 -833.9543990643   452.9465329695
