
--- x y ----
-6980.1066981877   489.6931823296
-6973.2016664268   458.9014674246
-6971.5635490999   453.1136469364
-6970.3571086486   449.2530355798
-6966.7876971484   439.2986600076
-6964.4444321194   434.0578781402
-6946.0009627082   398.7212508968
-6943.7483361529   394.4247089004
-6921.0974376789   357.0876900351
-6920.2850000507   355.8416705524
-6886.3564781769   310.1188337259
-6858.6673214739   275.3377508305
-6857.1014805182   273.3927412985
-6848.6283433462   263.2542336115
-6841.2572513882   254.9420615068
-6817.7971718074   229.4897477372
-6817.2498970374   229.0127413159
-6806.8598854858   220.9462386602
-6805.3662901984   219.8109190071
-6789.3871892325   208.1138063477
-6756.0344005781   185.6336879373
-6724.7369201984   164.7371564150
-6720.7280025949   162.6061173077
-6707.1429379410   156.0103701053
-6672.3207180453   139.2696611187
-6557.4180508056    90.8572584457
-6544.4090648723    86.2347996112
-6544.3939095291    86.2315701450
-6518.0620231900    81.8545089039
-6492.9912372083    78.0230393525
-6134.2675954978    61.2101381306
-4534.9376784158    29.0012375137
  858.0062750597    13.5460341600
  914.8642123433    19.1964916400
 1215.2309145389    87.2265341892
 1233.4876667476    92.8401821185
 1275.5459381781   107.9063393317
 1347.6784235939   139.0123906308
 1504.7237044037   208.7981371122
 1576.8117436286   241.9403450838
 1612.8629623880   260.3876343761
 1657.2424886108   284.1548041482
 1738.1947752793   336.7836308421
 1743.3920534958   340.2474031870
 1816.0671847880   389.3346377798
 1826.9350623043   397.7591672052
 1828.7696943002   399.4472385880
 1840.0031047748   412.3192771328
 1846.1319533493   419.4770197858
 1848.0444225503   421.7183293439
 1856.8416728051   432.9221154734
 1882.1527513680   467.3091368689
 1889.5007103414   478.6865426919
 1890.8808271549   480.8503461018
 1893.4926968544   487.3602986647
 1899.0845162116   503.5528589997
 1899.2898117111   504.8954139878
 1899.5203748706   513.3779323442
 1899.6816643545   547.5399880829
 1897.8106972261   581.8880786522
 1880.2598239466   630.4750214036
 1876.4509038775   636.5967798168
 1856.4321555359   668.4803027144
 1853.8545607440   672.5040623318
 1848.4202815811   680.9841058606
 1804.9187633656   736.9452226226
 1801.3812705560   740.2251547641
 1746.7923777298   786.2840810724
 1735.5283538149   795.1521345752
 1715.8822388562   805.8049028206
 1683.3808075936   822.2451299805
 1645.4633088203   840.8795286333
 1549.6073655375   874.4613705195
 1476.3912263707   899.9169666758
 1475.7607404237   900.1274617294
 1442.6403499598   907.4168247389
 1106.3261587446   947.7242225021
  690.0391893836   959.9014799337
-1291.6894299525   998.0359240660
-5492.0136161827   954.5380895584
-6266.2044862840   916.9671863599
-6292.4426250021   911.9167251115
-6562.2071244980   839.6276905362
-6768.9033056699   769.4347351722
-6788.3046066894   761.8976666262
-6833.7952779933   742.5273002240
-6839.3326595728   739.6022622919
-6871.1560077444   722.1128926947
-6931.9847573139   685.4308489266
-6940.8538115056   676.1223653149
-6960.8280275969   630.9821588370
-6961.3498049817   629.2740963772
-6968.4637246786   605.7004175538
-6969.8747502668   599.4462868534
-6974.0083595715   579.0965551091
-6978.2660383599   553.7495791003
-6983.2711206008   518.7990205247
-6983.3411729245   517.3724569185
-6982.7222930798   507.2670741062
-6981.3167773245   497.6234597227

--- x y ----
-3232.6304130886   327.9138099989
-3232.1383953621   327.1378349207
-3227.8417517283   320.5422737446
-3183.3502973052   254.8647945097
-3156.7044162024   220.1541163558
-3155.3409164327   218.6817237512
-3130.1728636343   191.9901303290
-3067.9472903243   139.8828220505
-3042.7040506593   121.4464244149
-3030.0832577418   114.3384057766
-3005.9423073250   104.2105342800
-2883.5853312180    74.6345074923
-2865.3070092795    72.3198307487
-2730.2195608495    59.5308457701
-2473.5233621843    50.4847415441
  769.3568649295    18.2691187675
  879.0847342917    32.3981031777
  922.3421253162    38.0717829467
 1156.0206104698    72.0955255796
 1219.2622106968    86.6303591243
 1265.0398410010   101.0091597847
 1286.0893537257   109.5281324346
 1326.7593818445   126.6563743469
 1330.2577302810   128.2196758267
 1367.3128747820   150.4376949178
 1444.1571496099   207.1102419653
 1458.3774922545   218.8471240754
 1486.3687583044   242.0972996370
 1535.0364897340   288.6986832715
 1547.3461009441   302.9045865779
 1551.2016204994   309.4134177443
 1562.7844424838   340.9465625921
 1572.5380519743   367.8854266537
 1573.1652680187   369.6688863949
 1586.9253188265   440.0285472891
 1592.8235180599   471.5577846804
 1594.9292448312   493.7305044423
 1595.8211995739   518.9457994111
 1595.4407658227   524.8236951415
 1595.0013795102   531.4002001746
 1593.7219332031   541.3855068525
 1588.8097808743   573.0244110218
 1580.8856298246   616.6744079396
 1575.4312341834   629.1872388006
 1564.9658971791   647.8090049486
 1555.2112468600   664.8425050561
 1552.8608365235   668.6512965331
 1546.7166503556   676.7605624787
 1538.5978348945   687.2872633153
 1535.1450338462   691.6409018867
 1531.0274746320   695.5353057069
 1504.7339402066   717.1681283038
 1501.1420813877   720.0696430228
 1490.2343768171   728.6205859382
 1488.2434001418   730.1139222187
 1449.8137490333   756.1461021514
 1437.7761623632   763.8933208985
 1404.6398324421   785.0033401049
 1365.5024696482   806.0676128480
 1354.3171462351   811.5849288461
 1299.3122020511   828.3532619108
 1152.1380159874   870.8649622156
 1141.8327368467   873.8228369308
 1131.4753549271   874.9100620818
  785.9713096036   903.2186148256
  783.1521905570   903.4360935740
  336.9209870782   924.9404113211
  305.2749964092   926.4585969917
 -253.9671297875   944.2854880881
-1755.9023449394   935.6847178698
-2640.0177825977   887.6521407562
-2693.0341776098   871.7142814882
-2737.8733755339   855.6897725526
-2739.0985909156   855.2349512396
-2874.6131801479   804.0447477714
-2902.7019875157   793.0264877011
-2955.3449443560   767.1275659968
-2995.8510686777   745.2578993230
-3008.1007244973   738.3398853029
-3019.0428926722   731.0013795158
-3053.4672843725   704.3509933410
-3169.5584977531   610.7194108224
-3175.9456748974   605.1668671574
-3199.2774839351   584.8127016131
-3221.4895392733   562.9325909633
-3225.6742135036   558.7479660534
-3242.6873604042   534.7794240186
-3246.5317161680   528.7627941557
-3257.5782738489   511.3121033527
-3259.0627883356   508.1549350895
-3261.6950290860   502.2967887805
-3268.8721606786   481.5535925194
-3270.3908607751   475.3424601016
-3271.1075389427   461.6298079458
-3270.2163629342   448.5818502579
-3268.1019242920   431.9733317627
-3267.4297301711   428.4728982716
-3254.3912153418   368.5747567157
-3253.0553758047   364.8067087611
-3252.0408603251   362.0250060617

--- x y ----
 -415.5886670263   890.8427599947
 -443.1653390755   888.8006098889
 -520.4551966616   880.7326097523
 -847.3082462864   842.1702866735
 -899.8304746796   830.6396088285
-1020.5527841780   803.0455046623
-1097.1349976924   783.2339997815
-1151.0458254760   766.1425213471
-1159.7003702410   763.1573722829
-1261.0032153015   717.3272039526
-1264.8542950047   715.5652780725
-1267.0590456205   714.5177235526
-1305.4624961803   689.4604560906
-1308.7812972723   687.2010492149
-1313.2394541120   683.4036778248
-1314.0253220206   682.6807450527
-1317.8944887097   678.5561600660
-1330.7308834615   662.9736929683
-1331.0834829410   662.4947185335
-1356.9433320600   622.6245407362
-1365.4875710952   609.3471026982
-1368.1712542197   604.5245622677
-1370.4202391806   599.4437299963
-1385.4101743728   562.5682381324
-1394.6352460694   538.6617226116
-1398.8275747214   522.8067345392
-1400.3674175832   516.5303662824
-1400.4840880608   516.0472839470
-1402.8672082984   503.2418306661
-1407.4368561619   475.7735620969
-1407.6955130809   473.8241804475
-1408.6182082374   465.1006781981
-1412.1571729710   429.7076724330
-1414.7919005845   401.8606750963
-1416.1712680372   383.1772024482
-1416.6928694969   376.0723632981
-1416.4673156649   372.2456528869
-1412.5602017723   341.5743957946
-1411.7225565166   337.9168998658
-1395.6828363469   293.1251050581
-1393.1877562606   286.6606300055
-1389.6635759110   280.7519616351
-1339.9788180808   199.3723412673
-1321.6154221959   170.5004917513
-1304.5935072153   144.4471151584
-1293.2785095542   130.7116837769
-1292.4638603175   129.7358900150
-1244.5500315751    76.7180383461
-1241.9827838143    74.3396483440
-1198.7366706716    45.6293819725
-1194.4978844541    42.9270739874
-1183.7619971912    36.1085722660
-1179.3533368063    33.3870645870
-1170.8373619456    28.3182306084
-1167.4616548623    26.8927881411
-1142.5260978508    18.0888962269
-1115.9434944409    13.4477257695
  186.0288775368     6.9861455111
  307.0989490545    31.1628685432
  356.2261096366    49.5738105847
  544.0914021024   120.3878085651
  549.0725611994   122.7511942466
  574.6470268425   137.9249294762
  603.5718997280   158.9093986545
  614.8836641124   169.2108365266
  620.8864095473   175.9360884398
  622.6038086427   178.6183306904
  655.9409524703   235.9621701437
  657.4101174092   238.7280162252
  659.7257928930   243.7346921303
  670.5326786633   273.1762522333
  672.1649233792   278.4545526003
  675.0797319136   289.4060748263
  676.7540387091   297.6973224792
  686.7695916090   353.7333562781
  687.9875223449   373.4579618086
  686.5954065832   393.5352865134
  684.2000758497   409.8197124440
  679.6037005366   436.8827312014
  666.8773886043   467.1605903594
  636.4993417007   538.7607361645
  621.7352302609   568.7128698462
  600.6464213374   604.0343255850
  575.2381173697   645.4308351940
  573.1025645100   648.4604295849
  536.0351373548   694.4312176424
  486.6867818351   740.8425192050
  481.6051433730   745.1958102363
  477.6269923326   748.4757247612
  474.5589159034   750.8265764095
  449.8499118972   766.6179012792
  440.6455610673   771.7424301432
  395.7012406797   796.6428864795
  365.3410287524   813.1104177905
  331.5575556770   824.7276115250
  309.4734877393   832.0379722904
  222.4068753590   858.2078811815
  129.1108185148   882.7006239760
  -31.5620177441   915.6737935912
  -34.2478796903   916.1971760081

--- x y ----
  184.2394548610   671.4153571564
  168.2226969531   634.1081689725
  162.5513121524   609.5722733495
  158.9635345106   593.4930319048
  155.9349985956   573.2704518757
  151.3103394574   537.8811421562
  147.3695069992   505.1404079944
  146.9052373268   493.8730785069
  146.7020693547   486.7587844289
  147.0251087702   483.6473102252
  147.3069190136   481.8293505748
  152.8401466022   467.2109696995
  154.7647507419   463.3939985375
  178.8912650801   422.9975279509
  201.8789173558   391.7932307601
  210.0513991945   381.6757178991
  222.7813590910   365.9898413839
  223.7738862860   364.8163329124
  259.9869083247   322.6096327859
  272.5735996006   308.2143908552
  286.5528701917   292.8067784190
  288.7695005376   290.4586506599
  300.8601743356   278.8947977477
  329.2108432125   253.6065622837
  338.3145181523   245.8139143209
  367.0011828621   229.6026681607
  376.2970664687   224.4610601828
  437.8869858103   198.5053702792
  534.3846897854   159.6303335747
  592.2059539255   140.1374115056
  632.1917381192   130.9296292832
  719.7456467865   114.5321309938
  730.5278481070   112.9949571081
 1352.9536831137    32.9500786805
  361.9168425791    21.4523311911
  645.3061135963    53.5336209769
  673.1856847823    57.1485865434
 1008.0276153727   119.0973360729
 1046.8342517676   129.3834590817
 1072.2079755752   139.5353053813
 1080.7259136811   143.3230278285
 1087.3984999128   146.4108365780
 1096.0142409421   151.0910562324
 1127.5733803664   170.6180568102
 1164.1136265856   195.8093739770
 1182.1132243726   210.4359819767
 1182.9001775756   211.0894551036
 1185.8380282353   213.6253946945
 1189.9519810111   217.3061380277
 1204.3981902621   230.3763889015
 1213.0072562517   240.0858427427
 1244.9336221063   297.7174055854
 1252.5508628908   311.7879332056
 1263.8090468302   333.3647181003
 1269.2478732620   345.1101723256
 1272.8488995092   353.6428416207
 1280.7224844982   380.1747487073
 1283.3551377550   395.1395858811
 1285.5964517213   413.7890016260
 1285.6509584394   415.3784829737
 1285.6535287774   415.5572186602
 1285.6285460211   416.5209824700
 1283.9346512734   427.9130568244
 1274.4697856967   469.2270149474
 1269.4294830742   486.7353314510
 1263.0859939758   501.9590363731
 1243.8383768870   548.0419683954
 1230.9627897474   570.2330276317
 1224.3909433195   580.1655172656
 1221.9545540311   583.8360467949
 1177.1635841187   645.5299407123
 1170.8540445544   652.0390276407
 1074.9417334727   745.1391035922
 1068.0817238715   751.5336725480
 1027.3384783040   785.2699123024
 1023.0608545752   788.6071777105
 1003.1753571150   803.7517680472
  997.8717261003   807.1186458928
  899.3029684219   868.7490688420
  895.7487251422   870.8828185985
  866.8321161322   888.0309578404
  825.5461271720   910.4231665525
  782.3350115307   925.4403991868
  781.1048078306   925.7764808491
  641.1796993795   937.2834849224
  562.6001782996   925.7531994274
  499.1427948605   909.7268300437
  477.7095474335   901.7706186733
  422.9772800745   881.4353573042
  409.4696987453   876.3022427527
  395.0678503225   870.8093029000
  383.4746223580   865.6099661706
  329.3845690580   829.0086401545
  290.9663739586   800.4389808379
  263.6783941619   779.3127876911
  255.0973489259   772.1377106621
  232.2500983782   753.0246650447
  222.1756280582   743.4906560440
  214.3384167216   728.8564137417
  196.4481036642   695.3285385295

--- x y ----
-2994.3771011977   317.8993096132
-2989.0317000018   309.8785169916
-2983.5354812445   304.0627557194
-2958.2121635363   279.4441930099
-2952.0372986733   274.2510124094
-2928.9520722095   255.3358921856
-2860.3439422531   209.1961340551
-2847.2436824788   201.0385244417
-2821.6801000253   185.3621652160
-2820.7138920890   184.8083106904
-2714.4497986989   161.7152535309
-2557.5621115093   135.6745419825
-2358.1127445853   110.1382783780
-1943.2969206435    68.4681467835
-1921.0236813824    66.5853826028
-1468.3250784889    41.4074117333
  113.5755208913    12.4466182704
  276.4712201187    36.1931532214
  326.1211345708    44.0491537985
  377.9020660802    53.4438334533
  430.5538460547    78.4731702179
  455.8154289538    93.5889095256
  507.5664039596   124.7556019180
  540.9399754606   144.8842900645
  558.5794128510   157.3595259452
  558.9887139898   157.9190011365
  559.0366565333   158.0006908487
  561.7095060108   164.2711570764
  588.8015652329   237.8506216236
  591.8490179004   247.3852376432
  599.7799372632   275.4398109615
  608.9316536326   321.4344180720
  612.4507782930   341.6868711460
  615.6901906356   362.3579276705
  617.3829880549   373.9589097432
  617.8413085097   377.2315546742
  617.8945464680   378.8860435074
  617.6207078417   384.1604405929
  606.8940157525   451.0844000947
  598.6598525871   481.4555993697
  596.6429372739   487.6702703476
  592.5899027788   497.2404862187
  585.1863400786   514.0147109249
  578.3429511185   528.6879925928
  577.1267208039   531.2805486384
  566.0964162585   552.3928952333
  562.5423963056   558.9267081463
  552.5472782973   572.2847136468
  543.0458554135   583.8696931779
  539.0629635626   588.6519769797
  527.2802024450   602.7530636646
  454.2485781232   683.3635871579
  399.8520195548   730.0191744127
  377.2141968440   749.1234226923
  355.5091489976   766.9074523540
  350.3160378792   770.9740986239
  340.4708575144   778.1565366555
  295.6848432113   808.5673994180
  294.0346362643   809.6401054820
  258.0065063600   832.8385482896
  255.2843255677   834.4122635028
  250.8286803543   836.9074866980
  171.1751872451   880.3755819186
  153.6354537563   889.7347214829
  135.5837250362   897.0506149989
  -76.6081452318   953.4207712400
 -147.0766326223   959.7009602185
 -713.5970271585   981.6951150951
-1533.6368960437   988.4924083058
-2676.6383976418   932.1917662809
-2700.6452860349   928.7575976236
-2769.5026339481   914.3087418452
-2883.1193570784   885.9296260091
-2964.5685438494   864.9562650926
-2995.7805728871   841.2630813899
-3022.4951601345   819.3676810094
-3024.5514272093   817.3027476438
-3036.4795427450   804.5858381768
-3036.6279959063   804.3613029564
-3040.3194169225   798.6027639783
-3060.7620377550   754.7391695324
-3064.8035399077   745.3786226439
-3075.5509456334   714.0652685600
-3076.8643960257   710.1414540877
-3081.1466229538   694.0508456940
-3087.2480492080   666.3977210957
-3091.7193353955   627.7476940515
-3096.2888398594   543.7403695374
-3097.3054254607   516.5496079506
-3097.2982229059   516.2243348226
-3097.1210226494   510.0048187350
-3096.1662843905   504.8242171479
-3096.0181243970   504.0311433124
-3094.6776894053   498.9985855424
-3091.6024357312   489.9368108837
-3089.7304742022   485.8442202882
-3072.6950543123   450.4921917719
-3071.9656965419   449.0166745481
-3013.4925001290   347.6471068433
-2994.7257883976   318.4255931266

--- x y ----
 2373.7897206888   507.0556891725
 2375.9370685135   497.2232277202
 2376.3297868079   495.4905961735
 2376.9410485015   492.8293134967
 2377.3614239538   491.1372446782
 2377.4519656472   490.7932781222
 2378.2629072756   488.0043380309
 2380.2893981186   481.6940795890
 2380.7952248725   480.1837528439
 2383.1158434898   473.6448804231
 2386.1883123629   465.3266828141
 2388.3424080000   459.5303151259
 2389.0931048617   457.5550696273
 2389.5163165441   456.4654228919
 2392.3309343193   449.4359037136
 2393.0719908172   447.5946952505
 2393.3533539260   446.9385217591
 2401.4358890125   430.1463376203
 2414.1252635769   403.8959485880
 2415.2963600587   401.8496841445
 2415.8336655800   400.9122364706
 2417.7963745919   397.5994440520
 2419.5774002263   394.8059698729
 2434.3358160334   372.3456027517
 2438.6183687145   366.2005364955
 2442.5795528459   360.7348406395
 2448.3786289387   352.9123346279
 2449.7602847951   351.1768036514
 2452.8622454348   347.3692010340
 2456.5059217568   343.4940143652
 2458.6574675420   341.2869915747
 2468.5067277021   331.8288905623
 2469.7509367636   330.6875911603
 2478.2659270414   323.0151971093
 2487.3254747699   314.8562430386
 2508.2236422192   296.9488281703
 2515.6059359013   291.1543249061
 2549.3278125007   265.1143514808
 2549.3662259861   265.0857865007
 2550.5581626952   264.2097165646
 2573.1181396580   247.6332043498
 2578.6996334935   243.7662539125
 2590.8482324358   235.5068022898
 2595.5202264239   232.4047578455
 2597.2474928176   231.3101832160
 2609.6155366795   223.5278972945
 2613.9084908504   221.1199417673
 2645.3316524943   203.5781393157
 2651.2380010290   200.3805617630
 2661.8480226893   194.6671512170
 2675.1421836788   187.8183628894
 2675.4092433699   187.6939527685
 2687.0002056742   182.3432311302
 2786.7098428324   137.1187170150
 2787.7461397509   136.6764561209
 2788.5822049703   136.3306501360
 2794.5490179682   133.8999275205
 2811.0584993020   127.6022691500
 2844.1995213935   115.6279620564
 2868.0003366526   107.5957089572
 2887.0707973472   101.2687899195
 2945.2592483617    83.6387351343
 2947.1626796960    83.0804709188
 2968.3180842704    77.7796697676
 2995.1834543942    71.3861816652
 3012.3383560788    67.6589782578
 3058.9964874550    58.6080564180
 3068.3028975622    56.9665854983
 3074.7209967498    55.8378764428
 3097.2595488949    52.5723957531
 3279.3740362477    28.6868165383
 3448.7091470893     6.6795041070
  573.4388647463     2.9205340785
 2195.1372210287    18.1960889167
 2785.8846244734    23.9608148441
 2856.9394984335    26.5671042221
 3222.3584667409    58.9595241968
 3286.6345562665    64.7076715800
 3332.7489923491    68.8639988751
 3444.3383615371    79.2451072418
 3522.7398183046    87.0804535375
 3553.2055712154    90.3438233757
 3569.8391410584    92.4856611498
 3597.6722778855    96.9625246113
 3630.4161529113   102.3156556260
 3645.3515498712   105.1610319239
 3673.2552367185   110.9864308563
 3685.9321233321   113.6958137778
 3697.6738666059   116.2729848441
 3698.2388365594   116.4302281215
 3746.4135076282   130.2222972628
 3760.7274575651   135.5477453067
 3813.7095700181   156.7902506401
 3823.2569221313   161.1528010258
 3845.2168912996   171.2384382767
 3875.2279373374   186.6718180283
 3899.1645327119   199.7705400743
 3902.9267835144   201.8918871278
 3911.3810912258   206.8795702614
 3944.3632040156   226.9189570718
 3961.1356598147   237.6826610427
 3971.1133651491   244.8341929855
 3981.9448414220   252.6676729553
 3982.2676663223   252.9066340533
 3985.5272581134   255.3290693043
 4001.1590216517   267.7487922694
 4014.5265520680   278.4691820003
 4018.5604822203   281.7164227187
 4023.0068357001   285.4691426200
 4025.7194480255   288.0933175795
 4026.4002976733   288.8231761566
 4033.2562104511   296.5521070258
 4034.5582992571   298.0760957758
 4043.0120756216   308.1322153203
 4046.5929511768   312.8674933449
 4049.4806649039   316.8338028958
 4050.7000921103   318.5435172895
 4066.3155543896   341.1269503895
 4067.8430592652   343.3474991882
 4070.8030691741   347.7917382091
 4085.3184916525   369.7041820828
 4086.5163192645   371.6452747248
 4090.6767991448   378.8419126033
 4102.0420975185   399.1792867594
 4103.3168130811   401.7316264812
 4105.6770927391   406.6704325529
 4110.0165939950   416.1786167494
 4111.8144092016   420.3198925423
 4113.1345583284   423.6641167859
 4113.3386919273   424.2104330116
 4117.3626114654   437.1150424856
 4118.7265529690   441.8240083606
 4120.2014809311   447.2807712094
 4126.4701971358   470.8218873123
 4126.8928032126   472.6689911377
 4129.1424134944   486.1257769592
 4131.0726363809   498.0708406274
 4131.5800412764   501.5842229770
 4132.3544942349   509.3706342013
 4132.3559471732   509.3894273383
 4132.9054843000   517.7023579297
 4133.6218140563   532.0731054290
 4133.7069674348   534.8381497742
 4133.7372580805   539.7710856437
 4133.6907800412   545.4260101317
 4133.3435601220   555.8202885790
 4133.1957679084   559.2055167882
 4133.1269109869   560.4588068208
 4132.8685310721   564.7978754231
 4132.7994074404   565.8319582891
 4130.6971337268   592.2920737125
 4130.3149183982   596.7225094295
 4130.2357133889   597.4350568194
 4129.2886318519   603.5941677212
 4128.7745847726   606.3652332921
 4127.8654182527   611.2542295160
 4127.3515951379   613.8312034932
 4120.3470917265   643.6183124115
 4118.8362090116   649.9651663710
 4118.0448290174   653.2795931199
 4117.0744229105   657.0014054405
 4117.0194012533   657.2068741164
 4114.2971000028   665.0084829405
 4112.1762026889   670.6801129658
 4112.0690365932   670.9491032429
 4106.8303393938   682.5163751148
 4106.4405091796   683.3601867808
 4104.8009059162   686.9075701383
 4104.3140909712   687.9091832905
 4101.3934439775   693.6916226094
 4097.5147751584   700.7607013276
 4097.1081436338   701.5007024316
 4096.3775234406   702.6639792972
 4092.5464653890   708.4241982643
 4070.0674065215   742.1856180552
 4065.1312151885   749.3512423159
 4064.8832137552   749.6942292615
 4052.4636510852   765.6121994453
 4038.9609313503   780.1774222396
 4037.3666665810   781.7600959034
 4034.5877749099   784.4381615521
 4031.5650251956   787.0525758392
 4015.0554374383   800.4628367145
 4013.6735555125   801.5114892350
 4012.8072963604   802.1666315673
 3997.8575525328   812.7413521617
 3980.9920692944   822.9822098039
 3971.4442347667   828.7173286537
 3967.2808934597   831.0977866880
 3953.2167091598   838.9119382457
 3944.8375851198   843.3807093847
 3935.3031435239   848.3540397687
 3930.6127898233   850.6338246633
 3907.8915245963   861.4593640323
 3903.2456227676   863.5683137465
 3899.7543171595   865.0888044244
 3899.3360125773   865.2612130208
 3867.9856696284   878.1534963505
 3867.7356353651   878.2561281097
 3858.4332662315   881.9858525067
 3813.3355424384   897.6920667817
 3783.8467195686   907.3579557665
 3761.5267413950   914.2720663081
 3715.7189611298   928.3907811866
 3713.3407528170   929.1194020254
 3711.5586374408   929.5178828617
 3684.9120761729   935.4231927826
 3674.8179541367   937.4735940617
 3670.7914572780   938.2640167758
 3606.1737157217   950.2026106405
 3578.9723979147   954.8135837054
 3526.0871331187   961.4855520125
 3340.6750570872   981.1890252357
 3106.1581688369   996.2631530762
 2942.4724717311   988.3179974318
 2917.1645546320   986.5305495282
 2909.5571589031   985.9796443164
 2897.5149761039   984.7431734927
 2817.0600526027   972.5857080984
 2719.4619121879   955.5619130801
 2709.6741211386   953.1100450673
 2697.1201705409   949.6799286985
 2686.5440003492   946.7656259329
 2678.0736678952   944.3827338810
 2653.2142030157   936.8554990790
 2650.2971046980   935.9334521375
 2628.5467263865   928.1717559191
 2625.9038181927   927.1611301362
 2588.5673828630   912.0291450714
 2562.5792374287   901.4783529180
 2552.3850497544   897.2023600748
 2538.5055867234   891.3696434529
 2523.8610994972   885.1782592981
 2519.9424658380   883.3775284293
 2504.7259469324   875.1220012904
 2504.2020091319   874.7768200512
 2501.2582004263   872.8310067972
 2493.3441006078   867.2723470211
 2487.2353448358   862.6863971939
 2476.8943434389   854.2145709735
 2472.9268493088   850.4516356991
 2468.0671900881   845.7574207660
 2467.2793159271   844.9363120166
 2461.5642740084   838.6100499462
 2460.6624705581   837.5207715522
 2456.4771101081   832.2468500245
 2451.9058443609   826.1092263672
 2451.6733032346   825.7955787213
 2449.0922203812   822.2428359317
 2447.8822151392   820.5719117521
 2435.2938279692   802.5731237180
 2434.5701692876   801.5374099269
 2418.2742778674   778.0546233031
 2416.9755740176   776.1566623234
 2413.1435653347   770.4404617679
 2410.1899916200   765.8870730309
 2409.7732910168   765.2273168147
 2406.1823957336   759.3811535673
 2405.5387852782   758.3170671723
 2404.7296931015   756.9682753114
 2404.7020357989   756.9138014719
 2396.0952281661   738.7822944643
 2395.7815159091   738.1154681190
 2392.3926110434   730.5919985646
 2382.8639812037   706.6300694306
 2379.7406843289   698.6355351684
 2378.2425743479   694.1284053688
 2377.4330592457   691.6796082919
 2376.0527892912   687.4734305433
 2374.6006058973   682.8974270458
 2373.9620028405   680.8407348374
 2369.6566418678   666.9566127826
 2368.2756541902   662.3241056414
 2368.0447727489   661.4306368860
 2365.6228119077   651.0166875570
 2365.4826413052   650.3525843023
 2363.4365251575   640.0433690149
 2363.0649435769   638.0528858852
 2363.0639624807   638.0469386769
 2362.3235602941   632.6454746113
 2361.9037936143   628.9486009532
 2361.6922228133   627.0780028677
 2361.6607600962   626.7920582825
 2361.2294104984   621.0097240463
 2361.0027260741   617.6148904886
 2360.9239438767   616.2737660448
 2360.9089124514   610.3465432499
 2360.9237119669   594.7065530817
 2361.1454127242   584.9686735692
 2361.1593286425   584.5036356329
 2361.4059670155   578.5978013468
 2361.5952119617   576.5739639722
 2361.9333742947   573.3334273385
 2362.4562484348   568.6259411002
 2362.7646167752   565.9131588647
 2363.5293262286   560.8594246305
 2364.7484939113   554.0317870548
 2368.9302485920   531.8819447016
 2372.7413285146   512.1731735614
 2372.7642997036   512.0567979380

--- x y ----
-29211.4098752023   122.6867053738
-29208.7034759632   121.3418706478
-29199.3038350070   116.7787837802
-29182.7715734279   109.6966454151
-29177.2182978964   107.3705961385
-29169.9480097426   104.6036384737
-29149.5233888103    97.1645782971
-29149.2839097618    97.0827621949
-29115.8187069136    86.0838849668
-29108.1400013593    83.6792905395
-29062.0154951470    69.4867181246
-29035.9918765002    62.8780587609
-29024.1900463986    59.8978810338
-29000.4900902017    54.4725100179
-28981.3038897743    50.5995147489
-28973.6887506210    49.0675925708
-28891.7008213887    35.0697683715
-28843.1280892683    27.5459629949
-28773.5576277113    16.7696777254
-28747.1532790347    13.3620491698
-28745.0621480308    13.1827305810
-28690.7782426260     8.5326101865
   98.3934705582     0.8579461919
  514.9824263389     6.5568298843
  895.4425479371    16.3093225432
 1150.0026239936    29.8563335768
 1199.3307102176    33.0258112580
 1213.8487714819    34.0879426182
 1331.2720529658    47.1523962272
 1375.2317496466    52.3116988357
 1450.1898532194    64.9526303862
 1455.8858774134    65.9321643878
 1466.8480172752    67.8901169387
 1505.9109607942    75.7236880708
 1515.8353175918    77.9294945406
 1522.2622757220    79.3643025025
 1551.8735548673    86.1801280931
 1583.8539838348    94.0017932479
 1583.8866070390    94.0100883798
 1677.4937672378   121.1518835209
 1723.5245774440   134.5242849261
 1745.7654099826   141.1015667701
 1746.7168914327   141.3851182283
 1780.6982819037   152.2133670220
 1801.3628703997   158.9624222000
 1803.7662072043   159.7576788877
 1812.6149240786   162.7416335751
 1864.0532873927   181.1967743069
 1865.8952390589   181.9040127990
 1866.8206299037   182.2616153586
 1915.4863470277   201.5365320406
 1941.4307654223   212.1184563439
 1945.7364103169   213.9761442179
 1953.7230233101   217.4427221680
 1961.7434027791   221.0080250467
 1967.7626924570   223.7574776422
 1980.8533803515   229.9366597982
 1994.2052293502   236.9420486073
 2006.0634093249   243.1826898228
 2006.2568772917   243.2964998347
 2008.9805723910   245.1498527800
 2014.7883159375   249.1420745845
 2024.6881493157   256.2664138503
 2035.5250698828   264.6579138217
 2070.4885211026   291.9679282495
 2071.5048063093   292.7897512233
 2073.8471230295   294.7436038201
 2102.9462498194   321.5385690129
 2103.9552229137   322.5903971939
 2112.5374242119   331.8803918082
 2115.0252649701   334.9116326924
 2115.4653677232   335.4711678910
 2117.3016960453   337.8686194745
 2119.6821046024   341.4315127888
 2120.7153874877   343.1191143225
 2122.1214516531   345.4522444849
 2124.5923941581   349.6393907695
 2127.8555684507   356.3092973648
 2129.9771423789   360.8461628995
 2132.7394882244   367.0746183180
 2132.9935662771   367.6800257722
 2134.8134884060   372.3091753506
 2140.0785925023   385.7313287280
 2140.9064214823   387.9160805866
 2141.7750817545   390.9860141583
 2144.4834964997   400.8772112134
 2145.5464827696   404.9756303684
 2147.6262234771   413.5113969360
 2148.9623783487   419.0446057878
 2150.0341144742   423.6500673907
 2151.3533318586   429.4996619460
 2151.6645672501   431.5112648824
 2152.8913048286   440.7692408990
 2153.6321387259   447.7139857004
 2154.8572717556   459.5478232586
 2155.0579020224   463.0882295453
 2155.2753381227   478.5264659245
 2155.3185814974   482.7300648394
 2155.0579325460   493.7654169381
 2155.0077113446   495.3066471712
 2153.9964178122   518.2019623836
 2153.1857423407   529.4644529118
 2152.9798125159   531.9999717802
 2151.7261214890   543.8011503925
 2150.9407192266   550.5335513627
 2150.6280077787   553.0646985943
 2150.4395626004   553.8493769954
 2149.3110623442   558.3804591309
 2145.2265933361   574.3855502977
 2143.6023090097   580.4134194901
 2143.4765803236   580.8167293173
 2139.6002868235   592.1002948847
 2137.6468286717   597.5255089024
 2135.2415996844   603.0401334565
 2125.9907479393   623.8732512456
 2124.0848441577   627.8852312307
 2121.5493245251   633.1165713899
 2102.3127672170   670.9580338215
 2093.9161218732   687.2324216563
 2093.2471035151   688.5187146376
 2092.5341273447   689.7496481284
 2092.2581268503   690.2199140511
 2091.2138784767   691.8666231294
 2078.0873715076   710.4723441723
 2068.2285985617   724.4378970838
 2065.4750543560   728.2363197964
 2045.8430018155   754.7077396361
 2043.2860756486   757.9743358074
 2037.8521369011   764.8531414363
 2037.1441667974   765.7487072223
 2036.8403377230   766.1005267409
 2036.6796808385   766.2803851184
 2031.0858086569   772.1159162403
 2029.7104221207   773.5184226748
 2020.5279554126   782.7572835606
 2002.4222148764   800.6860454776
 2001.0823092582   802.0089117147
 1996.4729607906   806.5135562026
 1995.4992114910   807.4084470355
 1991.6508377256   810.8310323846
 1959.7226727340   835.5959968225
 1958.5373156941   836.5142404594
 1953.8476331098   840.1181328843
 1951.3276116382   841.8968960567
 1948.8297552086   843.6400832891
 1929.1895573865   857.3416955687
 1927.4380813779   858.5460491413
 1926.7696980752   858.9938096787
 1923.1713247363   861.2922322100
 1892.3514061721   879.6203618544
 1889.5533561475   881.0116996493
 1879.6688302814   885.8228321895
 1877.8390333820   886.6391494312
 1872.8512335775   888.8445132151
 1867.8094969658   890.9991495435
 1866.7459015155   891.4404452537
 1862.9047058307   892.8333638943
 1857.0869492862   894.7576666703
 1819.4086532878   906.9431120714
 1804.9886915714   911.4509063763
 1797.9890373842   913.4972393454
 1756.5835737679   924.6347368518
 1753.0237692977   925.5693074977
 1752.9611530144   925.5836115910
 1733.8392313402   929.5145399549
 1698.0640385129   936.8091568840
 1662.9415904813   943.8622058130
 1646.3341968810   946.4545527705
 1613.4150810104   951.1956557885
 1505.8361548785   961.0751533361
 1472.0744239362   963.6458590324
 1160.9081741856   971.2205156806
 1003.7337428839   974.4068801390
  -42.3906487038   989.3724531571
-28584.6434909088   993.6774774728
-28706.1253167366   989.7502405935
-28713.4912479489   989.3338549976
-28909.0675922813   978.2466584947
-28937.7221210107   974.7417486013
-28944.7332996470   973.4085300292
-28947.2239323932   972.8892208386
-28993.8424728964   962.8233016147
-29060.1198460204   945.1221944311
-29108.5350826837   931.6919290944
-29126.2471351109   926.1693185890
-29131.0655588944   924.6229174481
-29153.4106180471   916.9317864419
-29153.7800816197   916.8015385366
-29173.6546380289   909.1129853332
-29192.9253922879   901.4605023413
-29199.0168651132   899.0062168466
-29236.0944637410   881.5200029067
-29303.7550095769   848.9709702371
-29322.6067677371   839.4397432742
-29327.2924585747   836.9830537537
-29331.3483060137   834.6380331413
-29335.3200329691   832.1000905479
-29340.7078898804   828.6197913382
-29347.1587979042   823.4528346504
-29348.5972246353   822.2642838264
-29349.2167020655   821.7271145419
-29364.0890940289   808.7882443089
-29364.1881261254   808.7013033133
-29381.7678743165   792.7720641213
-29382.5263171975   792.0809744738
-29384.6530028002   789.8491238709
-29385.4064161220   789.0575863749
-29386.3190849039   788.0848219761
-29386.4639908077   787.9282821746
-29397.2896771181   774.5099432430
-29412.1852125344   755.7608990247
-29419.3124248024   746.5013014882
-29420.4788859026   744.7323178231
-29421.6444564226   742.8847760864
-29424.1604967945   738.2196073494
-29430.4536616192   726.0355327513
-29441.6565705947   704.1657570388
-29443.1121233928   701.1879577658
-29445.2006531421   696.7769370816
-29450.4839499474   685.3593550627
-29453.5394441162   677.8526791765
-29454.3678351641   675.7074297887
-29468.7063201592   631.6961709495
-29470.4283701076   626.0789377437
-29471.8112902753   620.9801486322
-29473.2426597511   615.4021689753
-29474.7041347686   609.5852694041
-29477.0124858191   600.2998743209
-29478.3516483952   594.0254592429
-29479.5959841394   587.9229070778
-29481.0162329309   580.5772524469
-29483.9244217442   565.4248686099
-29484.5897555200   561.8514663218
-29485.1351946237   558.4386949283
-29485.1871068536   558.0944337531
-29486.1969810490   550.9418826410
-29487.2959503693   542.9320488022
-29487.8012984760   536.1382456388
-29487.9561255966   533.7515100301
-29487.9638682280   525.3122819063
-29487.9376058393   523.3776232555
-29487.9359361690   523.3052497925
-29487.7468088558   516.1179742410
-29486.7457639281   506.4900123849
-29484.3027027771   483.6117459389
-29483.3306864534   475.3435758397
-29482.1923181076   465.6970961717
-29482.0408036315   464.4196417120
-29480.9876455014   455.5607538698
-29480.3946522354   450.9718817779
-29480.1535101178   449.1325136473
-29476.9614274107   426.1099145021
-29476.3886282571   422.5585908517
-29475.5344015120   417.6801412071
-29474.7285500024   413.2405775167
-29473.9687143631   409.1109068221
-29473.2050920830   405.0543728303
-29473.0388441383   404.1806232860
-29471.7917300267   398.3283123578
-29471.7515127685   398.1811555022
-29471.1915692128   396.1819215925
-29467.1590663534   383.4645745163
-29464.5870535034   375.9814479497
-29459.5708382999   362.3370447694
-29457.1088844873   355.9308717810
-29454.3822815076   349.0068865104
-29453.1830437766   346.1234912604
-29451.8616401934   342.9829266477
-29442.1895230648   321.1266884861
-29440.5998457864   318.2031928986
-29430.2986364225   300.7063590118
-29425.4638560807   293.0346834797
-29424.9928925254   292.3469946695
-29423.7269860262   290.5666311423
-29421.0513904758   286.8329996575
-29404.3737445691   265.3513054477
-29393.2620849379   251.0982316489
-29392.2230106026   249.8183341618
-29380.0438958099   235.0791784938
-29375.3886309135   229.7134413084
-29373.9565780177   228.2793435335
-29367.7718114188   222.1776978713
-29360.7361724944   215.9126613950
-29360.7157160531   215.8946355026
-29356.8623160585   212.5088984447
-29349.1488692387   206.0359518346
-29346.9784182190   204.2183298067
-29334.4812853888   193.8258635117
-29333.5236704669   193.0355366306
-29330.5908189679   190.7207661959
-29324.6798330679   186.2110419568
-29315.1697860415   179.6486427968
-29314.4025093598   179.1444619839
-29301.3572623853   170.9396592948
-29289.3346616361   163.8069600984
-29262.1131531286   148.2076898525
-29262.0349428256   148.1663753773
-29258.5062326538   146.3156086409
-29252.3875615266   143.2112130114
-29242.4340854064   138.1644907594

--- x y ----
  818.6159469243   371.7291941834
  819.2877969142   373.6500804544
  819.7932261661   375.1511561902
  821.3109616046   379.8735653117
  822.1520427642   382.5873769553
  823.7753613085   388.0329346576
  824.4311609888   390.3564393619
  828.3163251950   405.8691955507
  828.4436119449   406.4363560503
  830.2853123793   418.9543599827
  831.3337788940   427.5108908158
  832.0048397194   434.1425203607
  832.2842728516   437.1053699023
  832.6743358632   442.5759255749
  832.9564375770   447.1925227159
  833.0213227754   448.2699245936
  833.8164442145   467.6686440811
  833.8329563491   468.2525665562
  833.8819445790   470.4954600055
  833.8407261715   477.4890154234
  833.7525545608   484.3151657577
  833.7266780296   484.5944152625
  833.5021998468   486.2801196699
  833.2181249594   488.3663934531
  832.5852707306   491.7375503249
  830.1175013204   503.5647970865
  829.4343958095   506.7684561546
  828.4201051423   511.0788706398
  826.9744918958   516.7867914840
  825.3291650194   522.7629945746
  824.8120943709   524.5704280631
  810.1186249209   573.8730092391
  808.8505305807   577.7449208650
  804.4679150188   590.1626841623
  801.9162443184   597.2621330737
  801.8289727420   597.5045593044
  798.0278927088   606.6062458810
  795.6297583893   612.1319444711
  794.4816308758   614.5581808010
  789.8302523055   624.0676458225
  787.2825980654   629.2732699441
  783.9318903698   635.9968889209
  781.2871166861   641.2853178051
  776.4563727445   650.9303553904
  776.0755156701   651.6158660013
  772.8386232739   656.9995274535
  768.0268904488   664.2872983566
  751.1557273303   689.5569782256
  734.7926319319   711.4734895255
  733.9042944889   712.5933620173
  729.9870699039   717.4254179513
  722.2013640009   726.6114147681
  720.1648392067   729.0028615235
  718.1620971772   731.2218618719
  712.8365422778   736.7970067470
  709.8882086936   739.8416377965
  709.0570152419   740.6630491630
  689.9904127848   758.9329906306
  683.0644375149   765.4643832215
  680.8574942780   767.3744099405
  680.4262898789   767.7377201022
  670.9802669279   775.5171631568
  651.8326709023   789.9416187657
  649.4412945388   791.6495255105
  647.7416909596   792.8611906544
  634.7817609181   802.0584772654
  629.9233081231   805.4675814681
  620.6122845901   811.7276334539
  608.9390478823   819.3708737453
  608.5311078557   819.6283849406
  591.0291562494   830.6112627483
  590.8366451696   830.7210837201
  575.7725480122   839.1912924918
  573.1937606562   840.4534364488
  532.6121756389   859.2618888798
  528.1054878747   861.1616326632
  518.2879027704   865.2195617920
  485.5894441064   877.2414285578
  473.1434043437   881.5011472721
  465.4252406382   883.7985446307
  456.8962285877   886.3318055888
  443.4749957024   889.8707637692
  385.5797132398   905.0105596783
  385.2879631544   905.0742356438
  360.1390151852   910.2262482793
  233.2698581661   934.3195852996
   84.4451037443   952.0312283395
   65.3541474199   954.1665628908
   16.3490698660   959.5170856270
 -116.3667088724   971.0325054547
 -226.4045490707   980.4911747227
 -336.7522056529   988.9882386182
 -386.9216443035   992.6273772996
 -428.6287744359   992.9296747356
 -575.3312912767   985.3727057098
 -701.5603648436   976.9986436074
 -881.3833779929   954.0220944596
 -918.1161460911   948.5886214067
 -935.0882307159   945.3760328140
 -950.5481750405   942.2442578406
-1044.9879558807   916.1309437757
-1080.6724999783   906.1269595248
-1085.0077121632   904.8538752138
-1127.3669471579   891.2114117798
-1131.3620839500   889.5941540645
-1137.7472973378   886.6222977645
-1139.8577867804   885.6053815811
-1141.2576491151   884.9294226791
-1148.1263694831   881.3998881204
-1170.7061429194   869.4487813091
-1192.9084883797   857.4326843526
-1201.4331793530   852.4600242944
-1204.0067273388   850.7509488165
-1209.1944233736   847.2719009762
-1218.5819890672   839.6657989164
-1219.3234970287   839.0547866140
-1237.5173715965   823.9838953395
-1248.7489898992   814.6757378913
-1284.5007054099   783.7060289924
-1290.5717500027   778.4219076768
-1296.2442675310   773.2463845927
-1305.0877819635   764.8557591323
-1314.6294349290   755.6141404759
-1316.3150370252   753.9220045624
-1320.0283864084   750.1144178027
-1331.8080179986   737.7341275208
-1332.5341057706   736.9311169380
-1338.1344353936   730.0622976133
-1350.9988879737   714.1958816874
-1364.7335831659   696.8671128333
-1365.5840655411   695.7833427021
-1369.0073541261   690.9154624569
-1374.1715766788   683.5680470487
-1375.9086702023   681.0923807392
-1380.0216766845   675.0661059907
-1382.2808236131   671.3298758387
-1382.6665736960   670.6860451265
-1387.0146363255   662.8673229879
-1400.3981715114   636.2223546661
-1403.2229211552   630.2059615843
-1407.0047765725   621.2100938291
-1407.2731727885   620.5703123069
-1407.4383542402   620.1615943182
-1411.2934344812   610.5426641068
-1416.6104294917   596.6889180111
-1427.4437551514   567.0323413269
-1429.0413171923   562.4002618807
-1429.3342737174   561.4606289013
-1429.6457971044   560.2602878059
-1430.9461190244   555.0510845326
-1431.6194382240   552.1964683137
-1433.3061592694   543.4330350189
-1433.8296214250   540.6015493561
-1434.2524058544   538.2453388030
-1434.5009886161   536.8320422606
-1434.5052815482   536.8054016292
-1435.8595360521   527.8421089034
-1436.2281932791   525.0129192395
-1438.0435922830   510.5359845878
-1438.7146239058   505.1395765810
-1438.7405411243   504.9266446194
-1439.1126337149   499.3779334071
-1439.2664600521   496.8363824537
-1440.0340527264   482.9946838195
-1440.2537300997   471.8151354920
-1440.4090817702   462.3378697810
-1439.8638915451   447.4923169035
-1439.8484975473   447.2099991523
-1438.8722238138   432.4101053920
-1438.4801642282   427.3744524500
-1437.9870973605   421.3992036757
-1437.7709390323   418.8297054520
-1437.1513648671   411.5592099661
-1436.6882672822   406.8420765847
-1436.5186345006   405.2295575482
-1435.6517585571   397.1856858514
-1433.3761011889   381.4362431183
-1432.4859560085   376.3139759712
-1432.0183694707   373.6862698421
-1431.1297710515   368.8433698238
-1431.0094659801   368.3302294615
-1429.2553392205   362.0970541489
-1423.1721054868   346.1741870736
-1422.4113213669   344.1952379635
-1420.8492613514   340.2552678944
-1416.1647134245   328.4705150368
-1416.1240289369   328.3779457068
-1412.0952859900   319.9484327833
-1410.2891824335   316.2252075889
-1408.0979268755   312.2499925634
-1404.2697564150   305.7980752569
-1399.0051738289   297.2484835181
-1394.7188836482   291.0057230221
-1394.2625086056   290.4240979204
-1390.7953498265   286.1714191151
-1390.5127181351   285.8491837877
-1385.5150702839   280.2899731694
-1378.4212012920   272.6914148820
-1375.2349406721   269.5022174394
-1374.6785059240   268.9510110926
-1373.2041791615   267.4939924340
-1368.9061012645   263.5537903471
-1367.8325201704   262.6440819427
-1324.1148262051   229.9625380624
-1308.9502029519   219.1903157297
-1307.9867006928   218.5399002770
-1304.8055875827   216.5325284156
-1301.3487186317   214.4067536488
-1297.3104748923   212.0189617423
-1290.2478047940   207.9965334451
-1288.0276452754   206.7597730767
-1268.4930641140   196.5505321442
-1258.1364330049   191.1787706104
-1252.0602469519   188.0688726615
-1248.0191326724   186.0059458665
-1239.2557221031   181.7206868112
-1213.9791681680   169.7410032705
-1213.6437694743   169.5886242428
-1210.5766202264   168.1963938567
-1195.9454128788   162.8507784709
-1175.2150456701   155.7112337833
-1119.2608495626   139.8330263859
-1112.3933497882   137.9823058354
-1112.0237369522   137.8902394932
-1054.7660288501   124.5302700426
-1054.6329583192   124.5009555805
-1038.3151344668   121.0551979265
-1006.5180723316   114.7972656983
 -978.1969783698   109.3421893627
 -975.6761596561   108.8700327253
 -849.5642865318    86.4382171072
 -752.4152784380    71.0312980525
 -729.6820073193    67.6067844308
 -663.3144086737    58.7074904888
 -574.7746677699    48.2492383784
 -568.5719421306    47.5331575739
 -518.9444634146    42.8253386197
 -444.0038116758    36.8143894210
 -248.8858709645    26.8111605829
  192.0700475619     9.4887008198
  200.9516940734     9.3136225857
   58.2757388726     6.4129139416
  112.5581701487    12.3955145785
  116.9939153292    13.0357540785
  151.6951664919    18.9657167880
  200.6746285034    27.9323855244
  256.2359549206    38.8557982961
  271.2524025204    41.9133561631
  309.6240984806    50.0660270769
  313.6025783828    50.9308769257
  345.0066507835    57.8008222363
  347.6629853217    58.4293743805
  357.3654840350    60.7404579673
  380.9505465006    66.5868496586
  407.4468726828    74.6254345676
  462.8842196211    94.4493885136
  470.3814012180    97.1958012859
  471.0331910322    97.4395056145
  483.4369121180   102.6657275890
  529.3774477619   122.3811738999
  551.9603848033   132.4494157939
  587.0490214189   149.0176783295
  597.1157536639   154.1908316646
  608.9941219742   160.5098542583
  613.6179893229   162.9798232178
  638.7077170148   176.7426788174
  647.2163462953   181.4236985611
  651.6283117234   183.8736406590
  657.2323863858   187.0987043491
  669.9189940404   194.6068888406
  672.1003291461   195.9942430519
  688.1628220784   206.4933774597
  690.3599576345   207.9611128251
  692.7710335166   209.6823379839
  698.6880515545   214.2322560574
  708.2012797147   221.5592887535
  729.0038020561   238.0034829782
  734.0943868203   242.1888270726
  734.2992454822   242.3603053551
  735.7553432370   243.6074980225
  741.3185108872   248.8080046072
  741.8855078010   249.3723504803
  744.4354901623   252.4022666908
  750.9957456884   260.3733764889
  760.5069768596   272.0676381070
  767.1872932188   280.4801317659
  771.7881954722   286.3521765027
  771.8555624974   286.4452057311
  773.9361179560   289.3416256708
  788.0020961035   309.7541221690
  790.3617939114   313.3473536556
  792.3057666317   316.4354236799
  802.2696050244   332.5518393776
  807.7910273853   344.6403935682
  808.3083005049   345.7799156821
  808.5188703689   346.2720843409
  808.6674113248   346.6223338818
  812.5807069618   356.2358583853
  817.1143783835   367.6493178628
  818.0282462536   370.1062241314

--- x y ----
-3378.0047783763   361.9999846837
-3377.4221755268   343.3974610288
-3377.2941612994   340.6199160014
-3376.9228587541   336.1803273177
-3376.6373614288   334.3585431783
-3370.9755047165   302.1407671183
-3370.9424239639   302.0312503982
-3370.0953901444   299.4318181569
-3368.4913875025   294.8243265370
-3363.9029643859   282.5586055906
-3363.0023570533   280.2040679505
-3361.2702912396   276.0882785911
-3360.7354648654   274.9135469819
-3359.7207868598   272.8569336487
-3357.6812121670   269.1821182072
-3347.5531990216   253.1071777442
-3337.7191522999   237.9451935390
-3330.9270789836   227.8573034825
-3327.6212686050   222.9936312799
-3323.3953437057   216.9692442927
-3316.4963599553   208.0228883686
-3313.0248701679   203.5341865350
-3312.7112511161   203.1493717063
-3311.5418276740   201.7511685164
-3311.2384341546   201.4006817932
-3309.0663005828   198.9893547648
-3308.0828005428   197.9097069743
-3299.3892404985   188.4463643535
-3295.4798920472   184.9060908632
-3292.8956702882   182.7913298959
-3275.9117890359   169.2762306219
-3271.7302151430   166.3038818692
-3269.5582456666   164.8248550014
-3242.3533710610   147.2392234319
-3225.3960732238   136.6321592961
-3222.9693316298   135.1155578400
-3208.4666192779   126.1796277894
-3199.2892509820   120.7381519717
-3185.4294012350   112.6516837641
-3178.8529077852   109.2326229036
-3177.5215219303   108.6705409017
-3174.1027789316   107.2436529130
-3173.2441163100   106.8951088853
-3152.2506108437    98.4454658828
-3141.8500779776    95.0350641601
-3132.6347726063    92.0850885621
-3128.2693903533    90.8075046551
-3105.1386847645    84.5047874798
-3047.4298009284    69.7917661800
-2984.6824007125    54.1892526091
-2958.7127271298    48.0134072626
-2949.4010175320    46.5617168202
-2921.0350792355    42.8873128430
-2852.1899342057    34.6593499504
-2850.0709742426    34.5409863451
-2752.1449044781    29.1205438325
-2339.6187296686    16.5815783143
-1745.0851252713     7.5822576531
  135.6653518381     2.8878884210
  225.1290905982     9.1771772249
  422.2813546123    24.4654383406
  583.1562605251    40.4227146879
  613.9006656562    43.5320924668
  773.7231238382    60.7185337223
 1006.5792440545   100.0101447136
 1071.1978389946   111.0962739711
 1114.8699415418   120.0767539618
 1145.0575400746   127.8953584236
 1164.6905633415   134.4172139261
 1192.7910147322   144.3542000443
 1213.3528585883   152.5635633546
 1246.4117153232   166.6181758577
 1254.7186843819   170.7880644419
 1255.4079482104   171.1439546596
 1257.8984907069   172.4521723432
 1263.3736498002   175.3313809004
 1272.3790139309   180.3635016546
 1278.5591822795   183.8318418395
 1280.4280902003   185.1034115514
 1282.2324287616   186.3565483375
 1287.7931572664   190.4319621970
 1292.4390625428   193.8833594527
 1293.8736949009   194.9736970697
 1315.1577596698   212.7034599628
 1320.9711243479   217.5632148988
 1353.7410627177   246.4117564345
 1358.4086329927   250.8281581420
 1361.5505141974   254.1664723056
 1364.4104599481   257.3720090280
 1364.5113142365   257.4966790867
 1368.3174367084   262.2320245748
 1370.8421727901   265.4493849984
 1372.9653538110   268.2307446819
 1381.1727583302   279.0117470382
 1384.7417736053   283.9653710364
 1393.0413214792   296.9410129692
 1394.3815356829   299.0662775483
 1398.3804891528   306.0349807361
 1402.7840749153   314.3756492071
 1404.3743880702   317.4452382530
 1406.2056384289   321.3280908034
 1409.3573207912   328.7630350681
 1413.1337900664   337.6742625291
 1418.1991656576   350.1214316637
 1421.9693019858   359.7384802690
 1425.1072523366   368.0333299688
 1426.4470045093   372.0279879550
 1427.6968042488   375.8883030372
 1429.5867862782   382.1406802223
 1440.6856635968   428.3035851168
 1442.2553219953   434.9803661409
 1447.3084359864   457.7595676949
 1451.4773856958   478.2864937543
 1451.9828057339   480.9124032685
 1452.0698884347   481.4453262242
 1452.0728639474   481.4660470663
 1452.1396859807   481.9498871099
 1452.4210912938   484.0417872421
 1452.8185920397   487.9468307952
 1453.4291318865   494.6014971488
 1453.6504007056   498.1620739421
 1453.6809201426   503.0481307937
 1453.7250225330   515.3217347907
 1453.6695235909   518.4414649985
 1453.4681315187   524.5394921478
 1453.4449238812   525.0651749404
 1452.8954956097   535.2070008753
 1452.6149977710   539.8797873281
 1451.3826424563   559.0329091928
 1449.1433163134   583.3005462758
 1447.6255705503   598.9392127918
 1447.5075466314   599.9429767270
 1447.3572101142   601.1895009896
 1446.8931767977   604.6933587957
 1446.8308267770   605.1429018503
 1446.4205127354   607.5542257960
 1446.3792777039   607.7940772668
 1444.1392923150   620.7462701238
 1443.1618324429   625.9610161499
 1442.6414734496   628.5328458971
 1441.2258573823   634.7705258028
 1440.8598766562   636.3276197071
 1437.9377442179   646.9184443547
 1437.2081111882   649.5567641643
 1436.1552617557   653.3486016399
 1435.1471490263   656.8810044763
 1434.8655611283   657.8525199340
 1432.2099726898   666.9277836390
 1428.3878068844   676.0542726186
 1428.2301702628   676.4285811293
 1425.5383093772   682.3194693213
 1424.6062387954   684.3417896897
 1423.1502941726   687.4349866702
 1422.3652601617   688.9534495921
 1418.6144587963   695.9020729384
 1412.6597507399   706.5643169177
 1409.1623396309   712.5553879635
 1408.5195079589   713.5585150118
 1408.1975866892   714.0546539109
 1406.2659573507   717.0126149079
 1405.8713717156   717.6143507790
 1401.8491942492   723.1798736376
 1397.6556776469   728.4502900545
 1394.9906728074   731.7525743433
 1394.4595362156   732.3630289879
 1391.2305633190   735.6370924208
 1389.3209471689   737.4980513984
 1389.2075817831   737.6036368036
 1386.7294550412   739.7501679541
 1378.9467401926   745.8791278047
 1378.5847486873   746.1639866071
 1377.0311727638   747.3341634390
 1376.2068021447   747.9495537284
 1361.0626934427   759.0878165526
 1355.1663125611   763.3701092237
 1343.4723805398   771.7133470217
 1334.1680440366   778.1595353077
 1327.8580790691   782.4921574512
 1311.2087218683   793.8547925845
 1301.3417027274   800.5555893584
 1265.8905970094   819.3373829540
 1265.0463125920   819.7594292684
 1245.9886919327   828.6992973093
 1241.1912933097   830.9311661119
 1215.3891065567   842.8074009065
 1159.8740064706   867.3971868711
 1153.0059779950   870.0645385176
 1148.1278910657   871.9148927818
 1147.7898433978   872.0336288644
 1122.9593899444   880.6064258788
 1118.2569068316   882.0496875818
 1117.8618920308   882.1647853223
 1056.1819112991   897.9703770402
 1020.7824243119   906.7443951267
  993.6203168239   913.4667693636
  991.4531796147   913.9625029512
  954.7744616317   922.1797796370
  845.5621942930   946.1771115416
  762.3899636698   963.8879837922
  738.8802107553   967.3782324928
  703.1963053725   972.4439019739
  696.7066853913   973.3147241421
  690.2360205856   974.1131851068
  619.4989517366   982.7808840594
  583.0219367167   985.5621493465
  557.1888362183   986.7367892425
  250.2940105835   991.1403381897
 -306.4082285576   998.8464957341
-1812.5697875294   990.1603052240
-2110.5253373259   980.0836231482
-2366.0424307436   971.2279974214
-2476.1839184697   965.3481892119
-2537.9276634370   960.4812421892
-2572.7747085869   956.5758879939
-2578.3052830002   955.8244814384
-2626.5931006346   947.8894511531
-2628.0576372010   947.6456537125
-2716.2586977334   932.5193656544
-2792.7496300566   913.8320424614
-2808.1617480046   910.0170610735
-2814.3323357522   908.2630595366
-2841.7684936554   900.4427339103
-2867.9905923862   892.4383535044
-2878.6993357009   889.0769019440
-2917.0530189298   876.5898768540
-2926.3249004771   872.9771747862
-3006.2775172462   839.7915290192
-3009.8725709178   838.2492348994
-3016.9649355446   835.1469386010
-3025.2967204297   831.2300543336
-3045.5247803387   821.3929357728
-3049.1845871327   819.5633296433
-3115.3596918318   786.1400863796
-3148.7167962183   769.1744536042
-3153.8043667430   766.5755939455
-3153.8765964471   766.5370852254
-3155.8171881174   765.3899878286
-3182.3320733314   748.7556010943
-3199.1165144424   738.0475717468
-3202.7535185169   735.6767084585
-3208.2620217203   732.0682070663
-3209.1061098628   731.4428387824
-3224.7312232473   719.5657135220
-3225.4243706338   719.0385462141
-3243.5682362045   704.6897127170
-3244.5493834366   703.9035355496
-3251.9552881909   697.8711887248
-3271.6773370504   681.4476015095
-3273.9409180296   679.4854731890
-3278.2180606506   675.6730568510
-3278.3646098773   675.5302406869
-3279.0281141354   674.8595769557
-3282.8576463342   670.6598996077
-3289.7436784760   662.8112015028
-3296.8577305253   653.7567486769
-3298.6991653854   651.3916001105
-3300.1420832221   649.3648340044
-3310.2413133421   634.3536011662
-3313.1382596691   630.0424526801
-3313.6386787243   629.2306418471
-3315.9878310221   624.6878277405
-3316.7400978483   623.1434163252
-3320.2148710907   615.7375994540
-3325.6511509672   604.0023200713
-3328.0435289329   598.7061409058
-3332.2915468387   588.6183691451
-3335.6305731035   579.9677704645
-3340.3671917496   567.5737702297
-3343.1395085871   560.2254493305
-3344.5975988831   556.2678297867
-3347.9523798163   546.6547298755
-3351.8502099562   535.4547318431
-3352.9700254772   531.3114250978
-3354.9227819038   523.9324317561
-3357.2848199071   514.5685508119
-3364.1045865118   486.6189356820
-3364.1344261091   486.4966289262
-3365.0381434420   482.5448707856
-3366.1964306647   477.3206634037
-3367.5042604881   471.4201719352
-3369.5786905286   461.9567810707
-3371.3424737483   452.7500100640
-3372.2901294807   447.6903724798
-3372.3623781309   447.2916902610
-3372.3957294504   447.0967836500
-3373.0267584973   443.4059462603
-3373.4121265687   440.7161582874
-3374.1093233306   435.2529007562
-3376.1531583807   418.5336669769
-3377.0146289704   410.9771639392
-3377.2260943415   407.9677371906
-3377.6732439206   400.6469665428
-3377.9612385518   395.7276767930
-3378.1395034068   392.2034459548
-3378.1735960513   390.3013645895
-3378.2159145486   384.8556545254
-3378.2137282134   371.9004002181
-3378.2025696787   370.0613831322
-3378.1968024697   369.5059354312
-3378.1660166495   368.0205101602

--- x y ----
 2417.8731163860   967.7810435629
 1889.2197145889   995.2092031976
 1607.3106890264   998.8063825018
 1310.0573717154   986.9453998176
 1087.8504484256   977.6314690812
  811.3978419305   961.0603016851
  677.3201778849   942.3561520688
  661.7595064740   939.8626216181
  627.9184460445   934.0539766669
  577.6030651535   924.6877037602
  480.5245285933   906.3672467821
  442.9808820176   899.2541138240
  394.5302230899   889.6329373812
  385.2855942609   887.5989767398
  277.1371022717   860.1006135572
  261.1421359685   855.9755894687
  247.3667981233   852.3528207755
  214.8275384926   839.8561251672
  190.9903199842   829.3368831352
  179.4143103056   824.0230639945
  171.3762722647   820.1723787292
  159.1703446806   814.0908430549
  151.7577190269   810.1751297546
  144.2383788148   805.9853584798
  134.2408314300   800.1952932015
   96.7019823390   778.3418262462
   90.6269248806   774.7863296360
   90.5376112005   774.7337570349
   68.9867478173   761.6956711743
   61.5025545427   756.9941609946
   60.0907602934   756.0283029654
   47.7015447504   747.3021946342
   36.9945237735   739.6600337337
  -24.4475341070   693.6001823436
  -35.4882472167   685.2343134906
  -42.6570655394   679.3396639187
  -66.2290138188   659.8087252915
  -75.9380851160   650.6487551647
  -75.9645403373   650.6213254818
  -91.0147012180   634.0327361165
  -92.5299108261   632.3514637736
  -93.5477386004   631.2157132667
  -97.0457288403   627.2207101222
  -98.2977010206   625.5900878324
 -101.7391780063   620.8789183221
 -106.1589639787   614.8211134085
 -106.6634877537   614.1245654949
 -108.9294673413   610.8875071788
 -109.1987934203   610.4945982368
 -117.9008354450   597.3778958736
 -118.0021321500   597.2025595310
 -120.7014390662   591.9802603313
 -126.5885503174   579.6638211903
 -127.0045220053   578.7392564050
 -131.8501610979   567.0594090952
 -135.7511054042   557.5396544023
 -136.0781218004   556.7406696302
 -136.8351014180   554.6342332170
 -140.6756584770   543.7927359020
 -144.7889074926   531.8554319166
 -149.2314503365   518.8445424550
 -162.3950833474   474.8713567359
 -166.7736315175   458.6666212377
 -170.8112061744   443.5156128344
 -170.9844181298   442.6429994250
 -173.2327876298   430.8668834227
 -173.9862509567   426.7138240633
 -174.6567011861   422.4920121713
 -176.5178911284   409.7460801599
 -177.2284815449   404.8354779177
 -179.3751767343   386.7986210390
 -179.6439474598   384.1083856526
 -179.7531549764   382.9401160137
 -179.7533651529   382.9369310858
 -179.6107691375   370.0824556602
 -179.4555396002   362.6060765704
 -179.4408539574   362.3522168691
 -178.5919206378   349.1114138720
 -178.3333946182   345.2517378750
 -177.9986602889   340.8227911748
 -177.4696170168   334.2710735948
 -177.0158379222   329.0996828371
 -176.7054411289   326.1324813712
 -176.0158501976   320.7785902304
 -175.4212444149   316.2284877640
 -173.9297338562   307.4565007576
 -173.3385454717   304.2307696385
 -172.6638041063   301.2751426960
 -170.7946256330   293.3096504271
 -167.5910688819   282.6187579626
 -167.1202877619   281.0644092931
 -165.5972847198   276.3090112702
 -165.4055885451   275.7542050178
 -165.1256140986   274.9643391187
 -161.8284922552   266.1994705804
 -161.7005942938   265.8918035771
 -161.0956240462   264.4647450270
 -160.0480664365   262.0398182481
 -158.2608702739   257.9582167447
 -157.5946915513   256.4623175440
 -154.4233628118   249.8963204642
 -147.4636730491   235.5670764418
 -140.8906369389   223.2587227640
 -139.8666557814   221.4045125005
 -138.7979055545   219.5421709381
 -134.6194073776   212.8257471141
 -133.2993574979   210.7489304907
 -133.1707645384   210.5589212828
 -126.3584017662   201.0649346625
 -120.6615359156   194.3730817145
 -118.2049449953   191.5627241967
 -115.1682720896   188.2251016803
 -104.6002254773   176.6680019451
  -98.8549861342   170.7229510525
  -95.2928251129   167.1477351507
  -95.2090131715   167.0695235096
  -91.2841013706   163.5019197405
  -77.1238401927   151.3034624072
  -69.1630258100   144.8869816874
  -67.3764571577   143.5640041961
  -56.3367926321   136.2011329883
  -46.2257145649   129.8499860835
  -45.8058997134   129.6131963985
  -42.9401399301   128.0197484612
  -28.4570206961   120.2893975077
   -3.3724260784   108.0106788624
   19.8306448868    97.3195090266
   23.3499965770    95.8412432185
   47.8551153910    86.4821831987
   66.3085840216    80.1058077544
   93.0327110941    71.5877010279
  103.4364517905    68.2716512590
  127.6198341446    60.6332040681
  158.2927104408    51.2424548916
  158.4579374307    51.2002358239
  209.0576102176    39.5660214859
  258.8304106384    29.9026708298
  287.2319592825    25.1895788274
  320.9942098796    21.8834616973
  370.2202571241    17.7098816156
  377.6286749253    17.1394369913
  487.4798336659    13.4057606397
  585.2285210193    10.6596147385
  965.7628460684     4.3516034721
  559.8367255219     2.0156492270
 2045.7381646371    25.5713863243
 2565.1819406398    34.0873083237
 2652.3854970983    36.7406719155
 2713.7944255708    41.7082123492
 2750.3622133848    46.1655054925
 2776.0630167632    49.6638734057
 2805.7348157868    54.2298348204
 2839.2296241737    60.7586349306
 2871.0514796829    68.2391461636
 2923.0691632848    82.5591827940
 2927.5987901773    83.9568979027
 2940.0695931014    87.9290287672
 2951.3523292352    91.5768697529
 2960.2144188959    94.5329659392
 2966.8717859119    97.5273410837
 2977.9286087111   102.5150871596
 3033.3183690420   127.9816639024
 3056.9997537268   139.5676033972
 3071.9381502280   147.4170907649
 3080.5286370437   151.9415058593
 3096.9770531222   160.6303291409
 3117.8791208079   172.7182810181
 3137.0864470748   184.2549102274
 3139.7553363842   185.8816511349
 3149.7825695313   192.3452361348
 3154.5620051010   195.7034592895
 3162.7013407002   201.4284258039
 3164.7410753621   202.9578780932
 3178.7263445474   213.9962451314
 3179.9275226749   215.0030214518
 3192.3353700570   225.4904926303
 3196.9847808913   229.4561106331
 3202.1789200318   234.0221620408
 3202.7692843760   234.5547282997
 3204.2439664234   235.8904868027
 3207.0486863133   238.4376606206
 3210.2957611345   241.4443685093
 3210.5702364092   241.7222890294
 3214.9039683469   246.1470252738
 3248.2147855920   280.8501404252
 3248.2575413657   280.8949085730
 3250.9355870659   283.8046367198
 3264.3803897409   299.7749460548
 3266.0799930975   301.8204617807
 3266.2605780861   302.0412238269
 3267.2003375600   303.3022665762
 3268.9542980980   306.0885556309
 3271.4550383568   310.5298338089
 3271.4881150474   310.5922123750
 3278.0491783002   323.1754108259
 3294.1726920209   354.7830457684
 3295.1888459772   356.7978201638
 3297.0221290290   361.2848140442
 3297.3301095143   362.0550090602
 3297.4777407561   362.4304722408
 3298.8611307477   366.0628548644
 3298.9469646635   366.3028757173
 3302.3214286184   375.9760556939
 3303.1846083353   378.6822956773
 3307.9826655564   394.6142747099
 3309.2541754022   398.9120743622
 3310.3087300742   402.6054229327
 3310.6880539931   404.4162233701
 3311.1583973143   406.9050988214
 3312.3236329100   413.5490507235
 3313.3097456844   419.4566107441
 3314.4343470672   426.5279044672
 3314.6761757112   428.2263075431
 3314.8654942473   429.9681732929
 3315.0052690084   431.4234205485
 3315.0201681177   431.6496420408
 3315.0537052991   432.2351500067
 3315.6263707025   444.8936117379
 3315.7143102404   448.1992857779
 3315.6851890209   457.7053725295
 3315.5708702796   472.4170186834
 3315.4836622224   482.1296015712
 3315.4712181786   483.4365610909
 3315.3619626074   494.2647515401
 3314.9176136314   509.8918631758
 3314.4637179302   514.7215784329
 3312.5185473827   532.4713194942
 3312.1361852479   534.8222366413
 3312.0191400786   535.5275887754
 3311.5481331367   538.2714197569
 3311.3104776804   539.6449348326
 3310.4945119964   543.8085981048
 3309.7530245059   547.5569527532
 3308.7407580341   552.1296301741
 3308.2145407206   554.2862518789
 3304.9071731368   567.6897222192
 3304.8800892602   567.7892578508
 3300.1567647868   582.8720370914
 3300.1066064185   583.0228895276
 3299.9186398057   583.5652060159
 3297.6690319939   589.5842990145
 3295.6524617066   594.6811795964
 3293.8996007774   599.1018187617
 3289.8254417874   609.2252405615
 3289.0629822589   611.0502439916
 3285.9208528258   618.5437828269
 3283.2232065386   624.9423969859
 3281.0886650955   629.9995935737
 3279.5313272022   632.9482637306
 3276.0934753438   639.1914998374
 3274.8623850921   641.3609871732
 3272.5838268425   644.9329093588
 3267.2639967361   653.0598393808
 3262.9786601912   659.1879148902
 3262.3599296854   660.0525780491
 3261.9793354434   660.5439021738
 3260.8307068086   661.9958274985
 3256.4021961171   667.2569539460
 3252.3771564731   671.9192305592
 3251.2555850041   673.2143188106
 3248.8716691737   675.8592185473
 3247.9020378251   676.8726663611
 3247.0203674833   677.7905269016
 3243.0169138923   681.9366953661
 3239.5477987832   685.4369073249
 3233.2168688193   691.6889890711
 3228.0131935081   696.8251585034
 3223.3770270999   701.2339823657
 3219.3977868034   704.9652727636
 3218.8594206317   705.4445360108
 3183.6667181017   736.2535600862
 3153.2243547689   761.8943146665
 3144.2786649626   769.2502236236
 3113.7612725858   794.0050211011
 3110.5286604523   796.3805259910
 3105.8503108116   799.7998941182
 3104.5928387662   800.6646871301
 3098.0340733896   804.9019725203
 3096.0938588207   806.0795764558
 3087.6650251844   810.9968767989
 3085.3427247927   812.3263508726
 3082.9637626378   813.6514179287
 3080.3757969793   814.8285752629
 3054.7180994733   826.4929707972
 3025.7370486899   839.5936324067
 3005.6436851085   848.4874621888
 2994.3104854184   853.3193775117
 2978.7417880856   859.8508173322
 2957.5252406738   867.8473332119
 2949.6101505840   870.3841444587
 2932.9520328209   875.4578569574
 2820.4802699436   905.5584957484
 2710.8293575482   930.8380372567
 2695.5002219429   934.3135251216
 2641.5908946696   945.7656021655
 2631.9695526800   947.1011021961
 2564.6908193806   955.5730348784
 2498.7256429904   962.9641566927
 2494.4286697053   963.3923531633
 2477.0919727176   964.5504313834
