
--- x y ----
-2033.1229595257   358.8119491114
   33.2155285274    13.7905868609
  241.4351818452   169.2143787640
  259.3147162468   261.7764897746
  270.3485585378   360.2470461557
  266.4643012748   537.8270057026
 -100.1712538980   687.8773372008
-1661.3159576165   794.1731131756
-1766.0091095085   680.6432944093
-2033.7594318453   362.1512943063

--- x y ----
  540.8147495597   108.0982414909
  922.2576959358   576.3236762882
  962.6136421670   761.5206604515
  844.6116322019   733.8277583083
  726.0454846329   705.3682714188
  555.8550077179   512.4457656477
  542.7356465473   477.0816638380
  529.6610849802   439.7716527215
  555.8145614591   248.1074564257
  611.2967471832   168.8989189861

--- x y ----
  529.0862587897   399.1751515938
  710.1457794412   174.6947763831
  710.5504875047   174.5623265147
  451.9512450428   155.7897502745
  645.9450507106   309.8022024491
  994.3326109489   679.9429113931
 1055.5854765351   838.2478065334
  961.8609602992   980.4860193005
  580.7153099924   782.7313518175
  408.0074771312   579.7555679377

--- x y ----
  590.3345525208   251.6471575962
 1062.3542028907   214.5250592243
 1754.6165930712   404.8348367241
 1813.4343916545   679.8098184090
 1760.7262320242   723.6602709210
  427.7927668411   960.7320095251
  255.1409540197   787.1401899260
  238.4466614131   759.3406532728
  255.2275512132   652.2664860579
  463.6462876633   333.3899747914

--- x y ----
 -456.2069035887   791.2851487583
-3792.4111312335   957.3729503686
-3817.3107484065   904.5373255388
-3875.3856863896   686.0715475976
-3718.7756043348   371.9625581261
-3587.4917548925   184.6895921892
   23.7697396736    34.8441084419
   88.6137567003   346.9561750876
   84.8775901783   361.5815009355
 -164.3878061412   759.8959352875

--- x y ----
-1518.3772973478   755.8364275298
-1577.8760696567   725.4373617275
-1576.2302856058   706.3729109118
-1573.3468503324   695.4682061134
-1570.0676893828   690.4443770002
-1517.6884422164   616.3005955728
-1427.7672518702   547.2996626500
 -536.2600228685   246.2028513657
  134.3001379867   187.3002868399
 -264.8055733760   595.5587651321

--- x y ----
10610.5082319280   832.9861388144
10640.1384715954   813.3300630520
10896.3698365531   784.8664442293
10975.9255389127   782.6209015253
11125.1382460066   769.2821929644
11121.2189008407   772.4964037289
10624.0409945739   925.9630508449
10597.8783425992   881.5164319821
10600.7939955208   848.1388147917
10600.8244994044   848.0225237790

--- x y ----
 1681.1354417219   417.2323789890
 1526.7641802910   647.9262884690
 1399.5012258463   718.4935038730
  527.0525522567   909.7707833806
  520.9093043144   861.6958684873
  616.6922662099   468.7964093684
  634.4916564281   422.8810075252
 1415.0054299799   242.0351237147
 1670.6208995118   329.5303140896
 1687.9949670324   359.1826152471

--- x y ----
 3395.1128480184   341.4389808436
 2203.6611752250   327.7629091378
 2506.7187832990   507.9655747653
 2406.7881093379   604.5791931083
 2378.4979991861   561.4384987551
 2365.5654966475   524.5843506802
 2352.8887592092   487.5325849523
 2352.1729597285   485.4142405142
 2354.4492435709   447.6215937818
 2370.2828054243   425.0733423376

--- x y ----
 -560.4483206560   765.5457627485
 -548.9250418829   760.9692153511
  174.3643918858   609.8019143304
 1552.9492827446   394.9087921837
  369.1113876743   181.3437313389
  382.5493130499   212.7632910765
  -30.7047979367   761.2527080362
 -184.9833017858   958.5296591612
 -377.6853671056   897.0718392705
 -532.7405065297   817.8761257247

--- x y ----
 1167.7972635254   947.2802849034
-16704.9064059563   713.6259336750
-16702.6700751101   512.7734156511
-16446.9560545598   432.5993935613
-12092.5376013820   355.8672379344
  751.2069535287   217.8594814896
  999.8080563739   520.1484813845
 1018.6240789254   545.0749757650
 1182.8848559859   778.5737655150
 1197.0110402471   855.3210725930

--- x y ----
-1399.6370828549   566.6912106887
-1391.5819188204   556.6945305203
-1356.8982695281   532.3189055917
 1506.0393549073   294.0691792145
 1403.3554274729   638.9462964505
 1270.7292805244   727.8119362277
  918.9995832310   942.7187745367
-1004.5776169465   816.7448746723
-1397.5987845681   663.3043316033
-1415.1591173835   611.9272657017

--- x y ----
-4566.1735020091   857.1361441335
-4574.1179794131   854.4549964807
-4677.8683623069   806.9971333332
-4852.7794299903   697.3149684694
-4866.8202133777   606.0653941561
-4837.8133411364   344.7831150785
-4719.2095639781   177.0855282503
-4553.7576690027   140.9181219364
   53.0944558953   138.5222077040
  104.7326111910   405.0082055528

--- x y ----
  828.4931827007   551.9889747815
  737.2243584167   496.8773262193
  675.9174223325   440.9900983673
 2400.1577824264   343.4391380161
 2484.9250852496   394.9927796849
 2855.8636096619   638.4318048844
 2822.7158727200   779.6373108036
 1791.2174632097   899.8323190811
 1435.0784802676   798.2667344685
  839.3307196813   557.5448255064

--- x y ----
 3380.2539926835   695.9087928679
 3289.5489469473   542.8758844034
 3287.9545501082   524.2516564369
 4997.2488550633   354.5076266279
 4999.5057097882   380.2446680726
 4975.4690477944   489.1095722993
 4932.0354501366   651.2674942871
 4795.6236842206   850.8925669647
 4617.1693108563   898.6274939629
 4523.3229863929   896.4110933268

--- x y ----
 5923.2264488980   568.5035741049
 8135.2608551405   453.5333430477
 6430.6682537681   253.3903841127
 6558.5388913203   360.6579967378
 6534.2759247333   481.5876043826
 6278.5877492409   975.8294774486
 5815.0844280753   919.2485215750
 5760.4804336674   837.4837672750
 5824.0871491247   652.4392349470
 5862.6162798686   616.5790148564

--- x y ----
  200.1503218165   200.8764144995
  536.6010717580   735.9764607170
 -962.3130044066   750.3101110156
-1892.2363654767   677.5860960777
-1922.3394375748   650.7719466207
-1925.3671070964   645.0468170641
-1902.7385121947   542.8563762901
-1825.7395191532   430.5213402678
-1730.8153323629   338.2895335782
 -673.9757310522   243.7273395895

--- x y ----
-1540.5278938856   855.7217450664
-1887.1080046970   882.2696144066
-2058.9466395599   773.3724846876
-2182.7667513505   672.3963149605
-2259.8913553830   527.8380329464
-2266.9661077310   492.1865748812
-1993.5841701610   316.1113461733
 -929.5184509179   178.6928555091
 -211.4049165927   141.6507952045
 -542.5492667131   360.5719721764

--- x y ----
  603.0419131866   425.8674633317
 2798.9242316980    84.0568251300
  921.2325138980    67.6465069484
 1131.2173258763   153.5799893477
 1354.8973353599   326.7029850018
 1481.9028731045   628.3562029496
 1481.5667481110   679.7576014508
 1395.9581424219   809.5528263362
 1078.8222697315   913.5463277670
  772.7926685560   995.6223911391

--- x y ----
 3186.8118715625   174.6302798679
 3477.0840061164   233.2347901846
 3533.6295655257   373.4425810643
 3537.6347012975   455.5758906442
 3478.1981762664   559.0845999726
 2830.3569921065   752.1743218117
 2767.0863352105   650.1720174697
 2759.9033312538   458.0144952964
 2801.9619719976   371.2154092130
 2816.0121263812   349.8904457005

--- x y ----
22941.0815280838   961.7787239044
22655.4605393573   979.9844479336
22351.3913403595   963.5358240261
22110.5402264002   942.2147638152
21590.4995899439   890.7872546465
21061.1277145877   832.7969650238
20954.0546656524   798.3951175742
20764.5825131428   732.6780116031
20668.9200896198   693.6645887624
20621.7839944323   668.6103379384
20605.8677022262   645.6774949769
20604.4757080677   643.2522944624
20531.1625121259   512.1420946662
20523.1330497301   491.2607711046
20521.3973201577   476.9623850687
20525.8599574030   447.2628147915
20546.1432753059   369.7595772829
20553.8409650680   344.1824695331
20568.1569039658   302.1468878714
20585.9503089288   268.8368710288
20602.6533177997   242.7822366659
20604.9451496115   240.2150997768
20606.5736481484   238.8115194406
20702.9372638609   186.8113655348
20832.3956814902   132.2326272200
21082.5917679674   110.4959157992
22239.1477343782    93.0238404004
22834.5923419757   177.3651647237
23199.6569618630   261.7939986040
23217.4265920270   267.2504632336
23232.3519787563   272.2732217464
23253.8638098027   281.1058792504
23262.2659125538   285.2612629331
23297.4190200552   315.6508287906
23353.6666822858   368.0581470740
23357.8372067167   373.0031264272
23383.2538021499   412.5680185134
23385.9708225182   424.2302792224
23386.2770511910   426.0239545163
23387.4248676032   433.0254913327
23387.3594143965   455.0624150123
23359.1431322787   603.6370063054
23355.9559401497   614.8946590407
23322.6105777397   711.9384082533
23321.9117630821   713.2757396614
23299.0254117328   756.3321259300
23192.2159537385   880.2297943379
23091.8860325566   932.6218273987
23076.9427974678   939.3313114592
23059.5647835796   943.2220194307

--- x y ----
 4578.6127421910   848.5376004151
 4562.7284342048   825.8205238328
 4526.6549777411   766.5715644476
 4477.3620761428   684.5370447674
 4465.9069005568   663.5745509356
 4447.7856059079   629.9382598759
 4420.0185450468   576.3127823217
 4404.5144136233   513.5559438127
 4403.5846013883   503.8552818732
 4420.8265599800   423.4231733289
 4422.4192702894   418.0243155904
 4451.5340941098   363.4208113718
 4472.0110458771   335.0400718208
 4484.6581845353   319.1581635980
 4525.3604583938   280.2555614958
 4528.1241236984   278.0517402978
 4559.2564663392   253.8442083854
 4675.5307404236   172.2430256184
 4721.2346109481   140.3870955972
 4798.8038709054   101.5065259518
 4803.6947990178    99.0902303042
 5015.9989420977    17.8096542381
 5057.6006911418     8.1857614895
 4993.3451905030     7.7093891356
 5103.7284427186    24.3602195329
 5596.3743094515   125.3817670479
 5596.6453641316   125.4563913820
 5613.7593029731   136.3938695722
 5621.0424908174   148.4082910661
 5626.6679382136   165.0221471831
 5636.5688411662   205.0387411735
 5645.2037954264   251.7945879588
 5665.7276405927   377.6699989345
 5664.9094428623   402.4035404587
 5662.6697508183   453.0966797104
 5656.2031540281   510.5006965070
 5645.6594018467   547.2781163572
 5640.5594825559   562.1881823521
 5634.2639076850   575.1759824049
 5609.4606130384   626.2803926846
 5608.3265005414   628.5757625818
 5536.8336502159   719.1247120802
 5484.2530849095   775.3522877814
 5424.9609103760   813.1775484396
 5365.7657540208   840.6665054577
 5320.4513294563   861.5281015750
 4963.2726812267   994.1093812121
 4665.5337190093   912.4724379823
 4643.7293445117   901.6924697551
 4604.4278720826   873.2120178477

--- x y ----
  886.5192846532   573.6657542559
  887.1228740442   576.8877151827
  886.6379945734   610.6382472678
  877.5591675200   670.8952064801
  860.1855489062   724.1266804140
  858.5984034454   727.7453414987
  843.0222378503   741.0734780369
  782.2647911596   789.0886237085
  732.7970769291   818.7441803619
  677.7870233959   846.6377616351
  611.9655342429   869.6161025998
  555.3660074582   877.9293427616
  427.1556867303   891.3909044826
 -432.8717953149   965.7929272929
 -440.1681853775   965.5019277152
 -589.6653983865   947.9864503814
 -639.1045994404   923.0058642945
 -655.9299761359   907.9419657649
 -704.0735327556   862.4392989049
 -770.0278384791   789.7958196543
 -802.5829427962   739.1112663327
 -811.4332203005   706.7875125926
 -820.1256508040   673.6276770741
 -830.0965313646   634.1307400656
 -830.1053591018   634.0926687264
 -831.3950649907   627.5078027022
 -826.7681004449   584.3003579852
 -822.9790671289   568.6212379990
 -811.7540047287   548.6997397843
 -792.9359021826   519.3255416959
 -760.3078027873   470.0617547256
 -759.1466312859   468.5843332340
 -724.7619411077   426.7299170314
 -715.3004499759   415.5281280279
 -697.2207264125   395.7034788141
 -696.5642767965   395.0810275240
 -617.4768776192   328.8329185037
 -565.5370346268   286.1471938911
 -537.9071007507   272.0359428935
 -501.5612758594   258.2648720982
  398.3091289720   225.9128750220
 1671.3925816840   209.4380536940
  421.5943424645   195.0629073033
  585.8708766046   283.8593921054
  642.1620651044   316.9845490148
  654.4430324600   325.2938905398
  679.4781468476   346.7818257638
  855.4202562445   514.9992597195
  860.5290990336   521.7342977529
  886.0699108698   571.8795168878

--- x y ----
 1162.8323370714   319.1978258439
 1193.6231179109   377.1200860197
 1234.8210103568   458.7733627974
 1221.5589478547   545.5415912698
 1217.9605438897   565.5457799707
 1095.5282770434   715.6772774152
 1063.9202682204   741.8865531326
  935.1276854749   846.9602323541
  895.6084985179   867.2187442210
  765.0105168086   914.5773546292
  578.7004982800   949.1031000887
 -276.0901915089   933.0478185245
 -588.6393793569   914.9375366375
-1086.3805758393   853.1041520676
-1215.3784683780   814.9107651373
-1329.6607339442   774.9455678374
-1383.7337173053   752.6825646042
-1398.7930251453   740.3240196666
-1405.7865242373   733.0429024234
-1455.0167341886   680.7585030603
-1464.8087355402   668.9402925782
-1467.9637937865   663.2706880350
-1479.1886339649   634.5142824242
-1483.8223384160   621.1293202386
-1491.5975428291   598.6282074848
-1493.9430264981   589.4292807468
-1493.7402679393   582.5086826872
-1492.9986346772   578.1484654479
-1483.6516680506   540.5549500185
-1471.9964504361   516.6373995019
-1452.1704619123   476.5455399831
-1437.0764564367   448.5375012551
-1432.3637420134   443.2579987177
-1282.6348604951   305.4287093817
-1149.9260856210   195.5035601360
-1080.5337742044   142.8417904005
-1016.8227080494   116.7979621903
 -948.2430762379    92.6349899961
 -907.9820834057    81.4771189614
 -636.5484034921    31.8760793759
   98.4554712150     8.3037675349
  348.3559986035    44.5359045501
  643.0363601794    88.9957944236
  750.7280054881   112.5138920662
  893.3165733439   148.4425950478
 1050.2372382024   208.7883653118
 1113.5406030455   256.3847070189
 1114.2168226323   256.9665058025
 1140.4014178242   282.4801101834
 1140.4853235861   282.5693030059

--- x y ----
 9182.4779125658   437.1601242995
 9111.9313301570   578.0140141610
 9107.0659219723   585.9341920914
 9084.6466096548   622.1387460677
 9071.1803402302   641.3459295479
 9003.1285373285   686.0519503586
 8954.8011657073   702.9424213918
 8800.2968176312   749.1234450571
 8579.9709271837   795.6355228547
 8163.4306458018   840.3575847126
 8161.6130811167   840.5181014310
 5909.7996209460   871.4209192782
 5787.3057391157   864.6290628269
 5738.0115803661   857.0899092943
 5730.3796448984   847.3366608587
 5725.0871710303   837.0447891348
 5724.2490748239   835.4047172123
 5712.3011922647   798.7425866118
 5704.5046677492   646.8251723755
 5702.4484101012   606.3151574231
 5701.9730543799   594.4412959885
 5703.7352691520   580.6961758331
 5708.6494710982   543.7821464384
 5710.1283931435   533.6414184823
 5725.5551497269   442.4249551204
 5731.1811734699   410.2742006411
 5740.7646756929   380.1475196262
 5744.4068381139   370.9294560158
 5744.4743693798   370.8027719397
 5746.4108561289   367.6192905143
 5750.8366842986   361.8963145327
 5790.3321949059   314.1453918499
 5820.7997792808   299.4042296223
 5925.4417710242   270.3408783481
 5959.3777089188   261.1810198943
 6347.4490941325   185.6955937100
 6770.4147348786   141.6296269976
 7505.8743768649   103.6978969005
11216.5467223986    89.0827601880
 7775.5845942430    50.4812420936
 8173.5143452087    98.7716318005
 8611.0817128464   186.4108248432
 8665.5641831886   198.9825951851
 8706.3792625687   210.4537352940
 8879.7792643950   262.8868009038
 9129.7791642823   359.3466761885
 9172.0183512451   384.1238206643
 9176.0845914093   391.3713664334
 9178.2405613376   398.1218307431
 9182.1426136438   433.9891625713

--- x y ----
10396.6438994234   974.1572560429
10348.5099668071   986.3868066809
10298.6005013357   997.7493525611
 9527.5199933527   958.5104180248
 9154.2820935839   893.8104301675
 9083.3881621081   872.4261547118
 9076.0257082504   868.0879955489
 9045.2138692402   849.8634301259
 8953.2915211013   794.2486117814
 8887.1900026199   747.4984166577
 8823.9185135437   694.5683367234
 8819.7011666779   689.1929507234
 8819.6412156637   689.1008613098
 8811.0820226084   667.6196263191
 8803.1961060578   641.7557736129
 8802.3900470946   620.7890396664
 8802.4200007197   620.3906578895
 8849.8162540458   497.1866402267
 8852.9552499147   489.8546319732
 8853.6035286064   488.6316894803
 8923.6567012224   379.5638339579
 8950.0913831336   345.3447531510
 8979.0605889430   315.0809326974
 9014.2432598579   286.0454127759
 9041.1720171246   273.5967738298
 9050.5122822995   270.1955498708
 9170.0695269247   237.8112652840
 9234.2883749234   226.2206690247
 9667.2817336499   148.9346278527
 9717.3336138780   140.9688612360
10044.5480646945    95.7748973189
10323.2207722245   135.2202619904
10393.8380276083   153.4918645663
10454.8841810643   175.9325085287
10487.4489552955   188.1884439853
10623.6749009102   268.9645525987
10645.2213245630   282.5976866811
10660.4209736024   295.2530417405
10664.2176237772   301.1344423136
10777.8430126875   478.7692157174
10781.5669687760   493.8979393257
10783.5319057616   513.7114569529
10745.6499770644   644.6900802683
10723.0816981596   694.5104522685
10705.8245906520   728.9484662716
10686.7675091699   760.0454646535
10658.9817920963   788.3831324709
10566.3353600214   874.1540131324
10441.5406525563   951.6949485533
10422.0996540565   963.2792658045

--- x y ----
 -474.0600944705   636.0708710008
 -491.5537156292   620.0729210759
 -538.7345227587   565.2512371906
 -541.9455890706   546.2925512035
 -536.3699679334   511.3800033235
 -528.3953085631   463.9560891172
 -522.8937809374   451.3047206756
 -520.3774950246   447.0916547187
 -511.0984745990   431.9882175309
 -477.0113769257   397.9793700562
 -384.6249334064   325.7448447500
 -310.2534700141   267.6986758100
  -30.0376964570    80.5452822387
    0.0976246175    73.4166329202
  116.9063578012    69.0185216911
  956.2222931982    62.7669179518
 1047.4258046373    88.6725764047
 1078.9128350818   104.9583600544
 1114.8339452234   124.2562340701
 1120.6523183558   127.7761996688
 1127.9123346050   135.3019867045
 1163.3412850428   173.3828905080
 1172.7963583672   185.3332017066
 1213.6772827669   241.8154544503
 1218.8430502260   249.6033242361
 1254.8994428020   308.3855179833
 1260.8300507520   358.9921783110
 1266.5793964952   408.6526923793
 1267.5656785225   454.6278212073
 1259.7476369057   544.6782831376
 1248.7903582588   589.5101946953
 1242.5090182027   606.3234824436
 1229.3203820812   636.5845100272
 1226.6707970822   640.8182379615
 1187.9405957996   687.6706228636
 1124.6354359198   749.9455322756
 1103.7773638713   769.9205376292
 1051.5400403363   814.3710547292
 1022.4563216715   837.9351437146
 1021.0827483267   838.7861511720
  952.5253215500   873.0618186501
  946.0432096809   875.7898810670
  888.0891609156   899.0519552490
  843.9650632764   913.8735099278
  744.1997811814   938.8185027731
  621.3170376188   965.3622800764
  519.2408763656   979.9124403886
  466.2577465760   978.6084104160
 -249.6642229879   796.7174483740
 -468.2117972753   641.1632889200

--- x y ----
-2125.5377290946   594.6157044308
-2127.9352214304   560.3834883092
-2127.0892498856   553.0925097609
-2125.0157123685   536.9640300109
-2122.2968667459   524.0580886208
-2122.2797336621   523.9886461809
-2078.8972941998   421.1539232208
-2073.7783183463   409.0433854202
-2051.6694545479   360.2267211536
-2045.7787978386   350.0750100256
-2029.0799056874   324.7657838549
-1074.3716447338   184.8178181331
 -315.2782432207   145.4032061992
 1457.1018222481    96.5098580673
 1458.3500741054    96.4877821353
 3868.8359254177    69.6189277241
  409.5130734558    55.7254795297
  428.2594834775    58.8799410264
  442.5331684393    62.3918433580
  457.3835439007    68.6707854286
  631.2152488714   148.8368977898
  662.8489192070   167.8155121782
  835.3153416494   278.7049060621
  846.1409161796   286.3311975561
  885.8784468180   321.8739963401
  889.6595828897   325.2613297861
  953.6901765525   400.4285952542
  956.0063046424   403.1847464317
  982.7401912984   436.4345830110
  985.4650516041   442.2218910464
  995.8483026805   472.2350432824
 1000.8137087020   492.6977294858
 1001.6118150298   502.4489498644
 1001.6546313531   503.0579779709
 1001.4456895466   509.3027095248
 1001.2502351359   513.9766445701
  998.4298556768   560.4991837976
  991.4872799416   583.5533703948
  940.8173954477   617.1609737127
  833.2112196749   670.2534236858
   28.1128977987   961.2752178851
  -27.0810987478   979.0257928258
-1822.0928902006   919.9953660720
-1853.9189854254   903.8645186929
-2096.7013699499   698.8637307741
-2104.8954972472   689.7883936334
-2116.2919891563   666.3135216455
-2118.1842627777   661.8924106610
-2121.0240533258   648.8165849042
-2123.3563996805   621.4935024119

--- x y ----
-28227.9005866390   965.5910879552
-28532.3308891508   912.5545302448
-28753.6190176611   764.3796177625
-28764.7833531598   752.7606598219
-28905.2914612859   589.3133661879
-28908.0579888701   585.6813947110
-28924.9837416765   562.8888190640
-28933.1259977227   550.1596988919
-28950.1062722360   521.8337446489
-28953.3289005142   515.7596899167
-28953.8349442366   514.6780711585
-28955.6324454706   509.8831690658
-28973.5654413525   460.0749662103
-28986.4503522133   418.8972436243
-28990.3873726314   402.4184766016
-28991.4294976906   397.1994698478
-28992.3246220488   389.1781855573
-28993.6115474907   376.1504148542
-28996.0344012205   296.4205445884
-28991.2989663374   244.7248250264
-28990.3280285054   242.4500121295
-28988.7841893981   239.0161881377
-28982.4428790479   225.2434541969
-28975.9715445999   213.5590634657
-28969.1317897930   208.9515848654
-28796.3440400906   159.1561604022
-28678.1365304036   154.6946906623
  535.5128270454    65.5758936870
  550.3913256179    67.8003289984
  618.1951235365    91.8613905525
  685.2295452074   129.2809330239
  690.2429644180   133.4971503249
  692.1697019932   135.7049261641
  716.3895956929   168.8253665688
  718.2198902169   171.5689299028
  773.3573975238   323.4493576906
  781.0235834964   365.5691834359
  785.0651428650   403.5894014201
  763.9329504018   443.2530531904
  757.9764756677   454.1583754024
  700.3978779194   514.9095469857
  698.9770675340   516.3357106203
  620.4829122982   585.7090562972
  551.9960008477   635.3887628297
  522.1444671023   653.9051805424
  512.4871326687   658.9201807758
 -109.6511108001   801.5112614096
-1430.7056021245   919.7003447142
-3703.1183855994   995.4974847650
-28175.5445371291   968.1978612051

--- x y ----
  109.9487679611   397.3558415802
  116.9961817203   390.4918494730
  280.7528900878   273.9478235540
  340.9293998274   251.1766588337
  791.9795193579   103.8572031218
  836.2116602879    89.8814921273
  861.7762878632    87.1223248534
 1542.7787984844    45.1041650209
  173.1046921964     2.0652143461
  273.1815235484     7.4029266102
 2109.5868729922   157.6074916329
 2227.6798234823   225.2759541985
 2261.8648432832   257.6330674453
 2275.9630630200   277.3159401694
 2280.2818231951   290.4762005134
 2295.9930435376   348.9820218918
 2296.4933618049   351.1000182744
 2294.3801428931   378.6608314786
 2293.6654442380   386.3592342289
 2289.1004145501   433.5535591440
 2253.9212388551   567.3889933295
 2250.7034721181   575.9974590329
 2231.6501057865   620.1742358211
 2203.4037809860   672.4970494800
 2181.1276804081   713.6630093376
 2112.5889762430   811.8127051275
 2108.6891840497   817.2098931097
 2106.3635570747   819.4874750914
 2087.5712923084   837.2562316647
 2040.9835926772   881.0793257874
 2007.5122877937   904.0818351262
 1932.7772175440   937.9561042006
 1796.4707708093   980.4000695943
 1541.4595520855   999.5403234651
  743.2320099976   961.3400981143
  554.9513787714   936.9469506172
  426.0183206557   876.6528678129
  418.4881664524   873.0753720279
  377.1634945699   852.5790511952
  373.1005316595   850.5188762659
  330.0245537694   825.2630207645
  308.5159179087   810.1905458085
  104.8889842607   654.5510173761
   72.4637316918   622.4734517059
   68.5623960309   617.0756748458
   63.5886054871   608.0550794040
   54.0976606851   573.3675897059
   85.5370481311   440.7530924799
   87.2389112374   436.9451027961
  106.9673865660   400.9848824000

--- x y ----
  473.3628294904   507.9925900177
  486.6670648222   500.3708608754
  537.6360004208   473.9053425445
  710.0906978376   400.5566217660
  968.2703339879   318.6210735009
 1012.0204051534   308.3631108797
 1062.1557277765   301.2216001272
 3236.6811355067   139.9791037167
 4392.2893353380    73.7089026719
 1100.5671656968    17.3999127983
 1625.5764361045    43.6172921611
 2377.5328075094   105.6645806877
 2390.7137208108   106.8324442664
 2418.9993241152   109.5029259144
 2879.0563298209   216.3161720203
 2914.1093562944   225.5414211897
 2935.4876825351   234.3582117265
 3010.7820451163   295.1825009149
 3031.9867092279   316.3735476020
 3034.5578274674   319.5359532095
 3173.5055987535   490.8804770961
 3176.6423618420   496.7044202179
 3186.4606101947   515.0283861782
 3199.5227986117   543.4975773703
 3198.9044792034   569.8746626918
 3198.2862010136   583.3823454006
 3193.9678480402   623.2047445979
 3190.7377515031   630.7445342928
 3181.0174236060   648.1134313945
 3146.0367698661   708.1071990584
 3086.7268188430   805.3566372049
 3083.0957588389   810.3718744062
 2987.7354543548   843.8104384350
 2881.7720761853   871.4053244969
 2475.5820604929   965.4606269495
 1794.8999003133   934.6719407960
 1790.7439030302   934.4298867950
 1577.4722618831   914.0963984910
  560.1519476668   776.0577541892
  553.3198676845   774.7583199761
  398.2663102847   700.6883341016
  352.7654404781   674.9292185632
  350.4913325624   670.1540659898
  340.2708824457   642.6941577198
  343.5976536960   627.9304347387
  350.5170759523   606.8074177176
  354.2742168896   601.9604507174
  378.1672055529   577.2094280770
  408.4641251827   546.4501992812
  423.7873597576   536.8467593092

--- x y ----
  466.4867760167   684.4272805251
  428.2306520569   701.1307649417
  358.4484832987   723.0171942819
  127.1148541705   773.5137394753
 -492.1053340241   900.4233102023
-3550.9622757376   967.5244657517
-3639.9435991905   934.7044464643
-3644.3938848180   931.3309786932
-3731.3683104575   856.5889790582
-3786.5612029867   804.5876182742
-3819.5001956859   771.6358530917
-3933.5647108701   642.2185247065
-3959.9202545569   609.1288884429
-4002.6584617609   543.9548553147
-4010.7709673941   530.7477209917
-4050.0906878165   464.5672884785
-4050.6660778232   457.2912560077
-4050.3535463648   448.0787882994
-4040.1186725261   426.5251959818
-4027.8466041191   402.6330880306
-4004.7691305504   361.2315258547
-4004.0170190044   360.3555764682
-3952.2771762135   301.5924590411
-3835.6122592169   230.0379979772
-3713.2410559311   160.1506609538
-3573.2588913111    94.3817221967
-3467.9969439076    53.9478226949
-3426.3086147155    46.3079308372
-3277.3046086664    22.7888869429
   39.9657277793     4.7520083289
  449.7324643772    74.1460368205
  665.1230073370   171.0516258223
  688.1077103089   181.7138388258
  730.6770284327   217.8635810991
  743.8886305542   234.1670031834
  746.3437007021   237.5834877520
  749.2274753657   242.2498011203
  762.6512333849   265.0245310671
  762.8182968343   267.0107964375
  761.1852849017   363.3520594416
  743.6458588264   400.4922703987
  739.3240249555   408.9540074666
  688.4896828071   496.8482400255
  668.0517285688   531.3076487739
  665.6138914012   534.2013456043
  602.6062357465   598.5921347440
  595.9579200658   605.0773156500
  573.9389816143   623.2239996611
  560.7414104250   631.7426553634
  473.7392105686   680.8868096739

--- x y ----
-1019.7041016450   791.7868644049
-1034.3101045667   784.0573219783
-1034.9241124904   783.4742012292
-1175.9263234079   645.3476982920
-1195.0387678814   625.8932631834
-1232.1602049621   577.2447841027
-1261.4461442921   533.7822949043
-1265.8846185202   521.6232896627
-1262.9241631523   491.9171301960
-1261.6081529760   486.0712454211
-1258.0103539812   476.2818247189
-1245.8915672070   450.8218989993
-1232.3578993937   428.7296046802
-1225.2160993174   419.5750821007
-1184.6206415283   378.2347721804
-1162.6903955412   358.0322334275
-1140.0992642828   343.5304855771
-1110.4314088240   327.1694679505
-1088.9009139502   320.3724706897
 -915.5315237443   269.2699024991
 -869.0181035375   258.6629163149
  -51.6581577609    81.6558341965
  262.6008208143    59.1816799822
  720.7326394800    39.4743980555
  782.7699350029    45.5639832921
  878.5907787489    93.1381162407
  883.9389827953    96.5486639724
  938.8229057211   143.0367370515
  986.8676697288   197.4135511167
 1016.2814968777   231.8282501809
 1046.2438999623   272.1986408326
 1076.3368485414   346.5737264336
 1083.0258191536   368.9327646993
 1093.3605324501   408.8549074855
 1094.4187678333   413.6233966231
 1103.3295063696   468.7525387498
 1103.7897244019   481.6033661291
 1101.1884188672   502.6426630070
 1095.3322221509   540.3241033309
 1090.7274382663   553.1853519595
 1087.3620250098   561.5032863114
 1078.9805986523   577.5021243074
 1047.3269769958   634.9221103846
  986.4098780045   714.5824015064
  921.7092673734   764.6146011300
  831.7465784904   812.1709603053
  788.8652700493   834.0341451623
  499.3601842890   930.7183181260
 -521.4510853445   848.8067386994
 -980.0831649385   805.3178394097

--- x y ----
 -304.8391063843   874.1320421658
 -317.7711564860   879.5546956939
 -322.3937559873   881.3150749633
 -568.2179708028   964.0144462819
 -599.7572886041   974.1417066293
-5327.7379338339   991.3743853389
-6214.1156264715   913.9843474561
-6453.9951541945   888.7363226311
-6900.2161332169   803.5862166576
-6926.2425066860   792.0916932273
-6945.0753114349   780.7895904955
-7013.4930276212   724.5602859750
-7016.0726489360   720.8224316714
-7073.8512628493   631.6707586990
-7075.0222815574   629.5457803040
-7076.4099303882   625.2316871181
-7076.0345250621   623.0264157209
-7070.2094267464   594.8368012784
-7059.2053302932   558.8734228787
-7040.7881553873   524.2617092522
-6983.6756679845   454.1416063173
-6918.4094319960   377.1371108932
-6885.9925430964   339.3379885322
-6874.8276606682   327.7182494067
-6799.3933581911   269.0908110935
-6759.3917046235   246.7327132887
-6752.4549043648   243.6527794144
-6739.1299836476   238.0884625898
-6713.2993108057   228.0628914586
-6422.2757325676   165.1411956189
-6213.7272791187   136.0921677278
   14.3855655352     1.8179523244
   55.1453320065    30.2265590655
  165.5382482294   130.7300235287
  179.8985497852   153.2358410489
  189.9872147912   185.1558647090
  191.8120882472   193.9017914356
  193.5140267860   214.1346550897
  195.4909647757   241.2420765521
  190.5718891618   267.4301297672
  101.7194004850   501.4398695443
   91.9655624932   520.5810233342
   88.0655391608   526.9846753799
   51.3131546063   582.3995356745
   31.9998490123   609.6917413648
  -15.1606974782   661.0810179135
 -157.0380136709   774.4066531872
 -175.6004178701   789.1674466507
 -270.8882095127   859.3249865124
 -271.9560474325   859.9856155052

--- x y ----
 2551.7317459130   808.9417881180
 2369.6896546971   901.7020938603
 2245.8048155479   938.3482076990
 2012.1946761511   974.5140147511
 1861.5854710595   946.3560307206
 1506.5220704461   870.0886588289
 1428.1036150713   837.8921678827
 1371.6613977992   814.0320962787
 1167.2031281400   718.8440514200
 1054.0466896528   655.0394213755
 1032.6586894075   636.3991585022
 1031.4908861079   635.3671480749
 1010.0912849099   616.2490793466
 1008.8873925716   615.1182512772
  986.0340074500   592.0858943212
  907.8819211020   512.8913155620
  879.8685744298   483.0765976931
  863.7122865306   457.6517379738
  856.2884268232   426.5219541992
  850.1747758392   396.1074865907
  845.8316273721   372.2179376213
  864.6098613603   319.8639258880
  875.6535737812   305.9631549175
  953.3477436300   215.8787884416
 1012.2830710631   193.4716301335
 2815.3907229993   119.0596239538
 1315.6596413055    60.2106119732
 1499.5499467073    74.8444802207
 2124.3707149674   128.0245890231
 2360.4620915292   164.6734281171
 2494.6411124833   211.0876720304
 2497.0712494012   211.9905728455
 2512.6028527812   218.2281706849
 2616.7527267339   271.0245952214
 2624.5544567063   277.0783745411
 2712.3823440885   351.3247493899
 2715.2750495221   354.5025205012
 2733.8244701137   380.1757346298
 2737.0061462145   385.8917040763
 2748.9319639046   467.1770541697
 2752.4541789149   496.7216383271
 2758.7841681115   559.5579324591
 2757.6340835777   562.2965196921
 2745.0397826592   591.5446503813
 2742.5097609757   596.9200068734
 2680.3784100887   710.1706965562
 2664.7250771011   738.3976722725
 2652.2946065287   749.2729901757
 2645.8970803308   754.5566391947
 2626.0945778934   768.2709086983

--- x y ----
 -591.3049329137   312.5709582027
 -594.8439241799   304.3775604684
 -599.3452922984   288.5116354897
 -586.4189925621   245.1895420400
 -546.2406002104   203.7557043200
 -541.5955074803   201.1088703706
 -500.0331686026   177.8228694461
 -428.0039057161   137.6036017965
 -118.3617578225    52.1252031438
  -83.6855343064    47.7649731682
  127.0244154276     1.0412685901
  441.6007418428    33.5645169659
  747.5591958463    82.6928283935
  791.0248623409    90.8518686501
  940.0496920379   118.9307847968
 1280.9573984136   190.2400295888
 1281.1056036459   190.2805524982
 1293.4669920417   193.6736344774
 1493.9854986085   255.9035025996
 1560.6798977706   280.2805287453
 1598.8642663292   308.9562004759
 1601.1486998403   311.1563906154
 1606.1591836703   316.0311968069
 1633.0453997135   343.7351893822
 1645.7414753819   376.7313416933
 1647.0226146260   380.0613296650
 1649.0147501575   386.0100017727
 1645.7081741072   450.9825297557
 1642.2957565660   479.4827909779
 1633.2323322448   536.0406220067
 1605.7403043062   591.1868040951
 1570.4805968138   649.3649508784
 1555.0954548755   671.2846516389
 1551.6049308453   675.5295240421
 1472.5881144112   728.0437672947
 1346.1265970389   803.6711742329
 1322.6047265741   815.2376955469
 1309.3341425532   821.4589003019
 1157.0465033929   880.2109457551
  945.2228509770   949.4260299356
  896.8385968041   964.3066819862
  894.9976495194   964.6406758161
  738.9991994845   982.5532870306
  477.2824852625   979.5770105112
 -274.3520214688   664.2160375631
 -288.7510022300   656.6101288965
 -314.3842824699   638.9582037774
 -359.9711315237   603.2738740764
 -378.3556160741   585.8949571245
 -566.8189137177   354.3400821856

--- x y ----
 9530.2007572756   956.9266722770
 9339.7978710578   967.9096591122
 8046.7922192644   838.7366660757
 8029.5920768574   829.5843057778
 7970.0618413678   777.1260051850
 7906.3185440693   705.0705385272
 7850.3931533601   634.9030413267
 7848.0170852025   631.4554869498
 7824.0995939101   588.3880436108
 7824.0493250125   588.2914533891
 7800.9860097078   427.5067948960
 7800.8534324981   426.4343915012
 7800.8681098206   424.0864856569
 7805.9392633569   384.6752553858
 7827.2063562029   334.4205199917
 7861.2276212157   255.8139971287
 7876.6328442641   228.5774204909
 7980.4587842378   143.9553251242
 7980.9217925671   143.6078443187
 8028.5794576202   112.5448143083
 8217.2198583084    32.8540629187
 8247.4580700575    25.9464686202
 1116.3772500390     0.5537388794
 2517.8491731609    14.4013773673
 9824.8312835005   126.1096087300
 9935.9620746475   136.0600991996
 9962.0701410641   140.7453111268
10043.2080184159   169.8119395357
10057.4028490003   175.2257359574
10119.7090971453   204.4815610033
10325.9188730165   377.2618257885
10365.7299984772   414.3862651703
10368.8643238254   417.5134016446
10420.7845703862   475.3790061391
10456.7056983948   521.8465747047
10494.2058244835   581.1856389120
10503.0265691452   599.3972060379
10508.7909941354   611.9435071355
10512.1527830639   621.2736757665
10537.7686180244   719.1152695647
10540.3133102317   731.4654505719
10543.2020199021   750.2844632958
10544.6262816958   771.5896818046
10538.5927652860   822.0369234734
10537.9926004270   826.5206098771
10527.4044171779   840.1823583815
10525.3195675213   842.5102681693
10519.7353009026   846.8842166279
10471.9923662635   880.6253054037
 9550.2597264320   955.3536567970

--- x y ----
  809.7203138130   257.8282894717
  814.2448350134   264.5857232391
  854.6538031440   325.2740903671
  858.5008232155   341.2090373296
  864.2210336594   410.3962154171
  864.6482597344   417.5388934824
  864.8521202879   437.6098706305
  844.9719781199   549.5230319371
  799.6001858059   688.1020400758
  786.3619731635   728.2176903405
  760.6756896698   802.0392839316
  757.2415564455   809.9028378568
  752.2936818995   819.2713083050
  752.0926245751   819.4898826148
  681.9427837395   884.2022785927
  640.7275027057   917.8080331069
  627.5586406662   923.7197459368
  582.4364025418   936.7812044580
  349.9366654805   985.7990375277
  344.2795047197   986.2637386333
   46.0734695698   956.2090039382
 -155.2678770656   922.2262205628
 -235.0289325797   907.9965680043
 -270.2340199885   900.1142567910
 -349.5865701383   839.1582973403
 -350.6448305214   837.7726231784
 -373.0442655872   797.3578559482
 -397.4377330209   753.1843312276
 -426.3663662696   698.3333880207
 -428.9285256444   692.4386837604
 -459.4973697491   607.1884270149
 -462.5576504286   590.3822741012
 -463.7829614938   567.5224277452
 -459.7636424401   489.1772425074
 -455.2255979014   459.3731693550
 -451.0287657451   442.9685142988
 -438.6034859844   411.1765150573
 -436.3602735439   407.7305301930
 -397.1824324775   367.9320308514
 -348.7268359519   321.2294926642
 -311.5322557370   299.6865450845
 -130.9227216824   222.9272990957
  140.4530626319   127.9088110274
  271.7632837431   116.6303441741
  369.4411088172    20.3751905856
  443.0562703515    44.6158697595
  443.5904900806    44.8057051268
  544.3627322348    87.0093742316
  661.3201808701   139.3603972860
  661.9537205372   139.7230913574

--- x y ----
  390.6175101021   544.4251353810
  390.1804287471   546.2524192681
  383.3400844708   569.2981151915
  369.5369671399   604.4299997613
  369.1459889672   605.0953284492
  368.4815369943   605.8948567875
  252.6318920551   729.5239259959
  248.0357375991   733.7522703554
   72.6846924092   873.1127192541
   38.8582536271   896.7984536148
   28.9384775795   902.7047627617
  -12.8437852460   920.7954362743
  -71.1176155300   938.5933930064
  -93.1877536886   944.5824638340
 -160.2941234424   953.7978855267
 -428.8867820009   977.6391812451
-2413.0073224985   904.4473054739
-3352.8478817507   823.5521149000
-3375.7760574388   821.3773716289
-3445.6180260758   813.9707629770
-3498.0716354415   804.9463406112
-3747.9033386683   728.2248360220
-4106.9318514483   601.4094998065
-4424.6848985453   483.3186644551
-4580.8641639603   400.4304245395
-4627.0648711892   309.9102710438
-4605.0290705796   197.8076914888
-4596.6942823368   158.2269482160
-4595.4743213647   155.2551525029
-4593.1979361626   152.5188848408
-4502.5545660314   111.5242654066
-4420.8564225725    94.8000317359
-4274.3995036614    76.1204248446
-2629.9822354926     4.4609478307
    5.5615670462     0.4062965982
  147.4104279909    35.6693815980
  157.5930734091    39.8299598038
  238.8593309324    98.8201491617
  272.3615760403   131.3568339858
  274.7779989653   133.7992093884
  347.5807972620   211.0701694362
  364.8490384499   236.9531790472
  365.5398560746   238.1868280464
  378.8881663017   294.0480795903
  398.1542055088   404.0287282972
  400.1508437874   425.5272288357
  400.5405213852   431.6599367952
  400.6716807423   436.4086365162
  400.6513933182   437.7227171673
  391.7676693795   537.9441416190

--- x y ----
  160.3055624357    88.8251321599
  165.7649130747   101.0758922664
  174.5926713332   123.4246373091
  193.0591475513   189.8791419441
  195.0866223187   201.1014362337
  194.0270953678   212.7928825547
  190.4200662606   235.4257646870
  157.0996227108   397.0375087567
  151.2088239607   416.3216914406
  135.7757914275   464.0759909939
  129.3445327801   475.1986726777
  120.3829071824   490.4617566806
  111.9035307791   503.5142712208
   56.0687616382   561.2499127312
   42.7843295230   574.7493868734
    2.3618718870   611.1731466358
  -52.0947878350   655.6598866379
 -193.0659634569   710.3730710297
 -241.4881143790   727.7585953089
 -350.6450531164   766.8460290402
-4538.4077650192   966.4200331162
-5064.9174837052   986.8668450176
-5099.8815486343   979.6758023783
-5296.0856021995   874.8865111838
-5318.2903322546   844.3004141202
-5325.1469663103   829.6126901109
-5326.4847561382   826.1466572228
-5352.6111754266   753.0673599982
-5379.8403149950   676.4805278201
-5396.6550712304   604.1861740569
-5396.6219773929   603.9866065199
-5393.4801040481   590.6012193648
-5383.6908226153   574.7779240251
-5365.9231584895   548.5926922730
-5358.2034874664   538.1828003202
-5296.3201921999   471.3695047372
-5281.4980437613   455.6591165041
-5193.1527012335   364.5276890319
-5179.1278811032   354.6273229940
-5145.3041726051   341.8330433685
-5104.1379338667   328.9581183662
-5078.7118645695   322.0386681810
-4625.1147205107   213.8311881894
-4306.7727527612   150.0896062519
-3323.5752711986    65.0158069373
    3.5996228836     0.8313571183
   55.1128323989    13.7876564047
   67.4612014068    18.5886185979
  113.4492227044    43.1813237191
  142.2415571724    66.7283860214
