
--- x y ----
 -623.0835569821   353.5607499179
 -347.9882857123   145.6459683932
  108.7816253885    37.9197242061
 -575.8528206080   434.5455901060
 -601.1391590708   422.1545134071

--- x y ----
 3643.4190139791   772.9008471024
-1008.6651949803   716.9904411075
-1016.9220858372   704.0680601347
 -995.0591901903   676.8416969585
 3771.0648646949   615.7846327090

--- x y ----
  676.7389816892   417.7338488332
  312.9737656715   724.0486758898
  308.8753098966   719.9387018329
  111.2156596507   492.1267743874
  128.0948585610   462.5736943030
  691.2707223638   320.3238568467

--- x y ----
  311.6047482316   420.3358061468
  290.9634181952   411.1011825459
  817.0290336079   382.8050268918
  340.3180704902   256.6478782519
  471.2863044936   365.1738611663
  438.6849157195   396.6593927768

--- x y ----
-2195.3344794381   584.3514410755
-2122.1401570326   564.3973652456
   86.3156594527   318.7952823782
   85.5363403000   402.4279451787
   45.3046613533   446.4095123069
-1088.5449491683   826.2250023361
-2032.9295595821   990.6407234231

--- x y ----
  -97.5347966848   623.4222438320
 -102.5291608810   629.5342765304
 -262.3275907498   564.0330094372
 -266.4064519513   531.0603861329
 -259.1622151042   418.8409966509
 -256.7664366885   408.6519060116
   55.2528787669   398.3476352459

--- x y ----
  502.1252869177   403.4876780183
  492.1344638317   403.1497002327
  486.9106301232   436.5694477304
  486.1242365355   431.6887568502
  486.0779163319   429.8466002021
  487.7598560423   422.5808206011
  489.1012635317   418.7997531175
  497.7792483077   407.2054914880

--- x y ----
 3532.1545981669   341.5235541669
 3406.4449868064   526.8097911421
 2856.2072574171   668.7537889945
 2750.1192696180   609.5230942905
 2735.1523450924   600.3957841965
 2692.1820948853   499.9723920189
 2708.2695099638   463.6042054187
 2911.3943097530   345.3190507787

--- x y ----
  726.4879349891   381.9383996643
 1239.5891398314   364.3343430971
 1289.7818345807   483.1661213421
 1289.6947107313   496.0842290423
  833.1348046052   652.0004764368
   53.4015239642   891.7333363408
  -82.9763386900   842.0040627719
 -144.5786298650   709.8006604958
 -175.4550592296   613.4364093762

--- x y ----
-1259.7436461357   644.9068752728
-1397.9558067670   489.0293214167
-1441.6447309906   345.9639917753
-1518.0170241777    33.4873978692
   -2.0703226323    10.7227292749
  -63.3409156821   269.8217491855
 -157.3365697490   492.9096083737
 -599.1207551582   844.4040617231
-1243.8143061976   656.0532181571
